Bdd_store 16
0 F
1 T
2 N 1 0 1
3 N 2 0 1
4 N 3 0 1
5 N 4 0 1
6 N 5 0 1
7 N 6 0 1
8 N 7 0 1
9 N 8 0 1
10 N 9 0 1
11 N 10 0 1
12 N 11 0 1
13 N 12 0 1
14 N 1 1 0
15 L 1
Bdd_store 16
0 F
1 T
2 N 1 0 1
3 N 2 0 1
4 N 3 0 1
5 N 4 0 1
6 N 5 0 1
7 N 6 0 1
8 N 7 0 1
9 N 8 0 1
10 N 9 0 1
11 N 10 0 1
12 N 11 0 1
13 N 12 0 1
14 N 1 1 0
15 L 1
Bdd_store 16
0 F
1 T
2 N 1 0 1
3 N 2 0 1
4 N 3 0 1
5 N 4 0 1
6 N 5 0 1
7 N 6 0 1
8 N 7 0 1
9 N 8 0 1
10 N 9 0 1
11 N 10 0 1
12 N 11 0 1
13 N 12 0 1
14 N 1 1 0
15 L 1
Bdd_store 16
0 F
1 T
2 N 1 0 1
3 N 2 0 1
4 N 3 0 1
5 N 4 0 1
6 N 5 0 1
7 N 6 0 1
8 N 7 0 1
9 N 8 0 1
10 N 9 0 1
11 N 10 0 1
12 N 11 0 1
13 N 12 0 1
14 N 1 1 0
15 L 1
Bdd_store 16
0 F
1 T
2 N 1 0 1
3 N 2 0 1
4 N 3 0 1
5 N 4 0 1
6 N 5 0 1
7 N 6 0 1
8 N 7 0 1
9 N 8 0 1
10 N 9 0 1
11 N 10 0 1
12 N 11 0 1
13 N 12 0 1
14 N 1 1 0
15 L 1
Bdd_store 16
0 F
1 T
2 N 1 0 1
3 N 2 0 1
4 N 3 0 1
5 N 4 0 1
6 N 5 0 1
7 N 6 0 1
8 N 7 0 1
9 N 8 0 1
10 N 9 0 1
11 N 10 0 1
12 N 11 0 1
13 N 12 0 1
14 N 1 1 0
15 L 1
Bdd_store 16
0 F
1 T
2 N 1 0 1
3 N 2 0 1
4 N 3 0 1
5 N 4 0 1
6 N 5 0 1
7 N 6 0 1
8 N 7 0 1
9 N 8 0 1
10 N 9 0 1
11 N 10 0 1
12 N 11 0 1
13 N 12 0 1
14 N 1 1 0
15 L 1
Bdd_store 16
0 F
1 T
2 N 1 0 1
3 N 2 0 1
4 N 3 0 1
5 N 4 0 1
6 N 5 0 1
7 N 6 0 1
8 N 7 0 1
9 N 8 0 1
10 N 9 0 1
11 N 10 0 1
12 N 11 0 1
13 N 12 0 1
14 N 1 1 0
15 L 1
Bdd_store 16
0 F
1 T
2 N 1 0 1
3 N 2 0 1
4 N 3 0 1
5 N 4 0 1
6 N 5 0 1
7 N 6 0 1
8 N 7 0 1
9 N 8 0 1
10 N 9 0 1
11 N 10 0 1
12 N 11 0 1
13 N 12 0 1
14 N 1 1 0
15 L 1
Bdd_store 16
0 F
1 T
2 N 1 0 1
3 N 2 0 1
4 N 3 0 1
5 N 4 0 1
6 N 5 0 1
7 N 6 0 1
8 N 7 0 1
9 N 8 0 1
10 N 9 0 1
11 N 10 0 1
12 N 11 0 1
13 N 12 0 1
14 N 1 1 0
15 L 1
Bdd_store 16
0 F
1 T
2 N 1 0 1
3 N 2 0 1
4 N 3 0 1
5 N 4 0 1
6 N 5 0 1
7 N 6 0 1
8 N 7 0 1
9 N 8 0 1
10 N 9 0 1
11 N 10 0 1
12 N 11 0 1
13 N 12 0 1
14 N 1 1 0
15 L 1
Bdd_store 16
0 F
1 T
2 N 1 0 1
3 N 2 0 1
4 N 3 0 1
5 N 4 0 1
6 N 5 0 1
7 N 6 0 1
8 N 7 0 1
9 N 8 0 1
10 N 9 0 1
11 N 10 0 1
12 N 11 0 1
13 N 12 0 1
14 N 1 1 0
15 L 1
Bdd_store 16
0 F
1 T
2 N 1 0 1
3 N 2 0 1
4 N 3 0 1
5 N 4 0 1
6 N 5 0 1
7 N 6 0 1
8 N 7 0 1
9 N 8 0 1
10 N 9 0 1
11 N 10 0 1
12 N 11 0 1
13 N 12 0 1
14 N 1 1 0
15 L 1
Bdd_store 16
0 F
1 T
2 N 1 0 1
3 N 2 0 1
4 N 3 0 1
5 N 4 0 1
6 N 5 0 1
7 N 6 0 1
8 N 7 0 1
9 N 8 0 1
10 N 9 0 1
11 N 10 0 1
12 N 11 0 1
13 N 12 0 1
14 N 1 1 0
15 L 1
Bdd_store 16
0 F
1 T
2 N 1 0 1
3 N 2 0 1
4 N 3 0 1
5 N 4 0 1
6 N 5 0 1
7 N 6 0 1
8 N 7 0 1
9 N 8 0 1
10 N 9 0 1
11 N 10 0 1
12 N 11 0 1
13 N 12 0 1
14 N 1 1 0
15 L 1
Bdd_store 16
0 F
1 T
2 N 1 0 1
3 N 2 0 1
4 N 3 0 1
5 N 4 0 1
6 N 5 0 1
7 N 6 0 1
8 N 7 0 1
9 N 8 0 1
10 N 9 0 1
11 N 10 0 1
12 N 11 0 1
13 N 12 0 1
14 N 1 1 0
15 L 1
Bdd_store 16
0 F
1 T
2 N 1 0 1
3 N 2 0 1
4 N 3 0 1
5 N 4 0 1
6 N 5 0 1
7 N 6 0 1
8 N 7 0 1
9 N 8 0 1
10 N 9 0 1
11 N 10 0 1
12 N 11 0 1
13 N 12 0 1
14 N 1 1 0
15 L 1
Bdd_store 16
0 F
1 T
2 N 1 0 1
3 N 2 0 1
4 N 3 0 1
5 N 4 0 1
6 N 5 0 1
7 N 6 0 1
8 N 7 0 1
9 N 8 0 1
10 N 9 0 1
11 N 10 0 1
12 N 11 0 1
13 N 12 0 1
14 N 1 1 0
15 L 1
Bdd_store 16
0 F
1 T
2 N 1 0 1
3 N 2 0 1
4 N 3 0 1
5 N 4 0 1
6 N 5 0 1
7 N 6 0 1
8 N 7 0 1
9 N 8 0 1
10 N 9 0 1
11 N 10 0 1
12 N 11 0 1
13 N 12 0 1
14 N 1 1 0
15 L 1
Bdd_store 16
0 F
1 T
2 N 1 0 1
3 N 2 0 1
4 N 3 0 1
5 N 4 0 1
6 N 5 0 1
7 N 6 0 1
8 N 7 0 1
9 N 8 0 1
10 N 9 0 1
11 N 10 0 1
12 N 11 0 1
13 N 12 0 1
14 N 1 1 0
15 L 1
Bdd_store 16
0 F
1 T
2 N 1 0 1
3 N 2 0 1
4 N 3 0 1
5 N 4 0 1
6 N 5 0 1
7 N 6 0 1
8 N 7 0 1
9 N 8 0 1
10 N 9 0 1
11 N 10 0 1
12 N 11 0 1
13 N 12 0 1
14 N 1 1 0
15 L 1
Bdd_store 16
0 F
1 T
2 N 1 0 1
3 N 2 0 1
4 N 3 0 1
5 N 4 0 1
6 N 5 0 1
7 N 6 0 1
8 N 7 0 1
9 N 8 0 1
10 N 9 0 1
11 N 10 0 1
12 N 11 0 1
13 N 12 0 1
14 N 1 1 0
15 L 1
Bdd_store 16
0 F
1 T
2 N 1 0 1
3 N 2 0 1
4 N 3 0 1
5 N 4 0 1
6 N 5 0 1
7 N 6 0 1
8 N 7 0 1
9 N 8 0 1
10 N 9 0 1
11 N 10 0 1
12 N 11 0 1
13 N 12 0 1
14 N 1 1 0
15 P 4 5 5 13
Bdd_store 16
0 F
1 T
2 N 1 0 1
3 N 2 0 1
4 N 3 0 1
5 N 4 0 1
6 N 5 0 1
7 N 6 0 1
8 N 7 0 1
9 N 8 0 1
10 N 9 0 1
11 N 10 0 1
12 N 11 0 1
13 N 12 0 1
14 N 1 1 0
15 P 4 5 5 13
Bdd_store 16
0 F
1 T
2 N 1 0 1
3 N 2 0 1
4 N 3 0 1
5 N 4 0 1
6 N 5 0 1
7 N 6 0 1
8 N 7 0 1
9 N 8 0 1
10 N 9 0 1
11 N 10 0 1
12 N 11 0 1
13 N 12 0 1
14 N 1 1 0
15 P 4 5 5 13
Bdd_store 16
0 F
1 T
2 N 1 0 1
3 N 2 0 1
4 N 3 0 1
5 N 4 0 1
6 N 5 0 1
7 N 6 0 1
8 N 7 0 1
9 N 8 0 1
10 N 9 0 1
11 N 10 0 1
12 N 11 0 1
13 N 12 0 1
14 P 1 0 2 9
15 P 4 5 5 13
Bdd_store 16
0 F
1 T
2 N 1 0 1
3 N 2 0 1
4 N 3 0 1
5 N 4 0 1
6 N 5 0 1
7 N 6 0 1
8 N 7 0 1
9 N 8 0 1
10 N 9 0 1
11 N 10 0 1
12 N 11 0 1
13 N 12 0 1
14 P 1 0 2 9
15 P 4 5 5 13
Bdd_store 16
0 F
1 T
2 N 1 0 1
3 N 2 0 1
4 N 3 0 1
5 N 4 0 1
6 N 5 0 1
7 N 6 0 1
8 N 7 0 1
9 N 8 0 1
10 N 9 0 1
11 N 10 0 1
12 N 11 0 1
13 N 12 0 1
14 P 1 0 2 9
15 P 4 5 5 13
