Bdd_store 61
0 F
1 T
2 N 1 0 1
3 N 2 0 1
4 N 3 0 1
5 N 4 0 1
6 N 5 0 1
7 N 6 0 1
8 N 7 0 1
9 N 8 0 1
10 N 9 0 1
11 N 10 0 1
12 N 11 0 1
13 N 12 0 1
14 N 13 0 1
15 N 14 0 1
16 N 15 0 1
17 N 16 0 1
18 N 17 0 1
19 N 18 0 1
20 N 19 0 1
21 N 20 0 1
22 N 21 0 1
23 N 22 0 1
24 N 23 0 1
25 N 24 0 1
26 N 25 0 1
27 N 26 0 1
28 N 27 0 1
29 N 28 0 1
30 N 29 0 1
31 N 30 0 1
32 N 31 0 1
33 N 32 0 1
34 N 33 0 1
35 N 34 0 1
36 N 35 0 1
37 N 36 0 1
38 N 37 0 1
39 N 38 0 1
40 N 39 0 1
41 N 40 0 1
42 N 41 0 1
43 N 42 0 1
44 N 9 3 1
45 N 42 3 1
46 N 12 1 0
47 N 2 2 1
48 N 4 3 1
49 N 21 48 1
50 L 48
51 L 47
52 L 47
53 N 22 54 1
54 N 1 1 0
55 L 47
56 L 47
57 N 21 5 1
58 N 22 0 2
59 L 58
60 L 2
Bdd_store 61
0 F
1 T
2 N 1 0 1
3 N 2 0 1
4 N 3 0 1
5 N 4 0 1
6 N 5 0 1
7 N 6 0 1
8 N 7 0 1
9 N 8 0 1
10 N 9 0 1
11 N 10 0 1
12 N 11 0 1
13 N 12 0 1
14 N 13 0 1
15 N 14 0 1
16 N 15 0 1
17 N 16 0 1
18 N 17 0 1
19 N 18 0 1
20 N 19 0 1
21 N 20 0 1
22 N 21 0 1
23 N 22 0 1
24 N 23 0 1
25 N 24 0 1
26 N 25 0 1
27 N 26 0 1
28 N 27 0 1
29 N 28 0 1
30 N 29 0 1
31 N 30 0 1
32 N 31 0 1
33 N 32 0 1
34 N 33 0 1
35 N 34 0 1
36 N 35 0 1
37 N 36 0 1
38 N 37 0 1
39 N 38 0 1
40 N 39 0 1
41 N 40 0 1
42 N 41 0 1
43 N 42 0 1
44 N 9 3 1
45 N 42 3 1
46 N 12 1 0
47 N 2 2 1
48 N 4 3 1
49 N 21 48 1
50 L 48
51 L 47
52 L 47
53 N 22 54 1
54 N 1 1 0
55 L 47
56 L 47
57 N 21 5 1
58 N 22 0 2
59 L 58
60 L 2
Bdd_store 61
0 F
1 T
2 N 1 0 1
3 N 2 0 1
4 N 3 0 1
5 N 4 0 1
6 N 5 0 1
7 N 6 0 1
8 N 7 0 1
9 N 8 0 1
10 N 9 0 1
11 N 10 0 1
12 N 11 0 1
13 N 12 0 1
14 N 13 0 1
15 N 14 0 1
16 N 15 0 1
17 N 16 0 1
18 N 17 0 1
19 N 18 0 1
20 N 19 0 1
21 N 20 0 1
22 N 21 0 1
23 N 22 0 1
24 N 23 0 1
25 N 24 0 1
26 N 25 0 1
27 N 26 0 1
28 N 27 0 1
29 N 28 0 1
30 N 29 0 1
31 N 30 0 1
32 N 31 0 1
33 N 32 0 1
34 N 33 0 1
35 N 34 0 1
36 N 35 0 1
37 N 36 0 1
38 N 37 0 1
39 N 38 0 1
40 N 39 0 1
41 N 40 0 1
42 N 41 0 1
43 N 42 0 1
44 N 9 3 1
45 N 42 3 1
46 N 12 1 0
47 N 2 2 1
48 N 4 3 1
49 N 21 48 1
50 L 48
51 L 47
52 L 47
53 N 22 54 1
54 N 1 1 0
55 L 47
56 L 47
57 N 21 5 1
58 N 22 0 2
59 L 58
60 L 2
Bdd_store 61
0 F
1 T
2 N 1 0 1
3 N 2 0 1
4 N 3 0 1
5 N 4 0 1
6 N 5 0 1
7 N 6 0 1
8 N 7 0 1
9 N 8 0 1
10 N 9 0 1
11 N 10 0 1
12 N 11 0 1
13 N 12 0 1
14 N 13 0 1
15 N 14 0 1
16 N 15 0 1
17 N 16 0 1
18 N 17 0 1
19 N 18 0 1
20 N 19 0 1
21 N 20 0 1
22 N 21 0 1
23 N 22 0 1
24 N 23 0 1
25 N 24 0 1
26 N 25 0 1
27 N 26 0 1
28 N 27 0 1
29 N 28 0 1
30 N 29 0 1
31 N 30 0 1
32 N 31 0 1
33 N 32 0 1
34 N 33 0 1
35 N 34 0 1
36 N 35 0 1
37 N 36 0 1
38 N 37 0 1
39 N 38 0 1
40 N 39 0 1
41 N 40 0 1
42 N 41 0 1
43 N 42 0 1
44 N 9 3 1
45 N 42 3 1
46 N 12 1 0
47 N 2 2 1
48 N 4 3 1
49 N 21 48 1
50 L 48
51 L 47
52 L 47
53 N 22 54 1
54 N 1 1 0
55 L 47
56 L 47
57 N 21 5 1
58 N 22 0 2
59 L 58
60 L 2
Bdd_store 61
0 F
1 T
2 N 1 0 1
3 N 2 0 1
4 N 3 0 1
5 N 4 0 1
6 N 5 0 1
7 N 6 0 1
8 N 7 0 1
9 N 8 0 1
10 N 9 0 1
11 N 10 0 1
12 N 11 0 1
13 N 12 0 1
14 N 13 0 1
15 N 14 0 1
16 N 15 0 1
17 N 16 0 1
18 N 17 0 1
19 N 18 0 1
20 N 19 0 1
21 N 20 0 1
22 N 21 0 1
23 N 22 0 1
24 N 23 0 1
25 N 24 0 1
26 N 25 0 1
27 N 26 0 1
28 N 27 0 1
29 N 28 0 1
30 N 29 0 1
31 N 30 0 1
32 N 31 0 1
33 N 32 0 1
34 N 33 0 1
35 N 34 0 1
36 N 35 0 1
37 N 36 0 1
38 N 37 0 1
39 N 38 0 1
40 N 39 0 1
41 N 40 0 1
42 N 41 0 1
43 N 42 0 1
44 N 9 3 1
45 N 42 3 1
46 N 12 1 0
47 N 2 2 1
48 N 4 3 1
49 N 21 48 1
50 L 48
51 L 47
52 L 47
53 N 22 54 1
54 N 1 1 0
55 L 47
56 L 47
57 N 21 5 1
58 N 22 0 2
59 L 58
60 L 2
Bdd_store 61
0 F
1 T
2 N 1 0 1
3 N 2 0 1
4 N 3 0 1
5 N 4 0 1
6 N 5 0 1
7 N 6 0 1
8 N 7 0 1
9 N 8 0 1
10 N 9 0 1
11 N 10 0 1
12 N 11 0 1
13 N 12 0 1
14 N 13 0 1
15 N 14 0 1
16 N 15 0 1
17 N 16 0 1
18 N 17 0 1
19 N 18 0 1
20 N 19 0 1
21 N 20 0 1
22 N 21 0 1
23 N 22 0 1
24 N 23 0 1
25 N 24 0 1
26 N 25 0 1
27 N 26 0 1
28 N 27 0 1
29 N 28 0 1
30 N 29 0 1
31 N 30 0 1
32 N 31 0 1
33 N 32 0 1
34 N 33 0 1
35 N 34 0 1
36 N 35 0 1
37 N 36 0 1
38 N 37 0 1
39 N 38 0 1
40 N 39 0 1
41 N 40 0 1
42 N 41 0 1
43 N 42 0 1
44 N 9 3 1
45 N 42 3 1
46 N 12 1 0
47 N 2 2 1
48 N 4 3 1
49 N 21 48 1
50 L 48
51 L 47
52 L 47
53 N 22 54 1
54 N 1 1 0
55 L 47
56 L 47
57 N 21 5 1
58 N 22 0 2
59 L 58
60 L 2
Bdd_store 61
0 F
1 T
2 N 1 0 1
3 N 2 0 1
4 N 3 0 1
5 N 4 0 1
6 N 5 0 1
7 N 6 0 1
8 N 7 0 1
9 N 8 0 1
10 N 9 0 1
11 N 10 0 1
12 N 11 0 1
13 N 12 0 1
14 N 13 0 1
15 N 14 0 1
16 N 15 0 1
17 N 16 0 1
18 N 17 0 1
19 N 18 0 1
20 N 19 0 1
21 N 20 0 1
22 N 21 0 1
23 N 22 0 1
24 N 23 0 1
25 N 24 0 1
26 N 25 0 1
27 N 26 0 1
28 N 27 0 1
29 N 28 0 1
30 N 29 0 1
31 N 30 0 1
32 N 31 0 1
33 N 32 0 1
34 N 33 0 1
35 N 34 0 1
36 N 35 0 1
37 N 36 0 1
38 N 37 0 1
39 N 38 0 1
40 N 39 0 1
41 N 40 0 1
42 N 41 0 1
43 N 42 0 1
44 N 9 3 1
45 N 42 3 1
46 N 12 1 0
47 N 2 2 1
48 N 4 3 1
49 N 21 48 1
50 L 48
51 L 47
52 L 47
53 N 22 54 1
54 N 1 1 0
55 L 47
56 L 47
57 N 21 5 1
58 N 22 0 2
59 L 58
60 L 2
Bdd_store 61
0 F
1 T
2 N 1 0 1
3 N 2 0 1
4 N 3 0 1
5 N 4 0 1
6 N 5 0 1
7 N 6 0 1
8 N 7 0 1
9 N 8 0 1
10 N 9 0 1
11 N 10 0 1
12 N 11 0 1
13 N 12 0 1
14 N 13 0 1
15 N 14 0 1
16 N 15 0 1
17 N 16 0 1
18 N 17 0 1
19 N 18 0 1
20 N 19 0 1
21 N 20 0 1
22 N 21 0 1
23 N 22 0 1
24 N 23 0 1
25 N 24 0 1
26 N 25 0 1
27 N 26 0 1
28 N 27 0 1
29 N 28 0 1
30 N 29 0 1
31 N 30 0 1
32 N 31 0 1
33 N 32 0 1
34 N 33 0 1
35 N 34 0 1
36 N 35 0 1
37 N 36 0 1
38 N 37 0 1
39 N 38 0 1
40 N 39 0 1
41 N 40 0 1
42 N 41 0 1
43 N 42 0 1
44 N 9 3 1
45 N 42 3 1
46 N 12 1 0
47 N 2 2 1
48 N 4 3 1
49 N 21 48 1
50 L 48
51 L 47
52 L 47
53 N 22 54 1
54 N 1 1 0
55 L 47
56 L 47
57 N 21 5 1
58 N 22 0 2
59 L 58
60 L 2
Bdd_store 61
0 F
1 T
2 N 1 0 1
3 N 2 0 1
4 N 3 0 1
5 N 4 0 1
6 N 5 0 1
7 N 6 0 1
8 N 7 0 1
9 N 8 0 1
10 N 9 0 1
11 N 10 0 1
12 N 11 0 1
13 N 12 0 1
14 N 13 0 1
15 N 14 0 1
16 N 15 0 1
17 N 16 0 1
18 N 17 0 1
19 N 18 0 1
20 N 19 0 1
21 N 20 0 1
22 N 21 0 1
23 N 22 0 1
24 N 23 0 1
25 N 24 0 1
26 N 25 0 1
27 N 26 0 1
28 N 27 0 1
29 N 28 0 1
30 N 29 0 1
31 N 30 0 1
32 N 31 0 1
33 N 32 0 1
34 N 33 0 1
35 N 34 0 1
36 N 35 0 1
37 N 36 0 1
38 N 37 0 1
39 N 38 0 1
40 N 39 0 1
41 N 40 0 1
42 N 41 0 1
43 N 42 0 1
44 N 9 3 1
45 N 42 3 1
46 N 12 1 0
47 N 2 2 1
48 N 4 3 1
49 N 21 48 1
50 L 48
51 L 47
52 L 47
53 N 22 54 1
54 N 1 1 0
55 L 47
56 L 47
57 N 21 5 1
58 N 22 0 2
59 L 58
60 L 2
Bdd_store 61
0 F
1 T
2 N 1 0 1
3 N 2 0 1
4 N 3 0 1
5 N 4 0 1
6 N 5 0 1
7 N 6 0 1
8 N 7 0 1
9 N 8 0 1
10 N 9 0 1
11 N 10 0 1
12 N 11 0 1
13 N 12 0 1
14 N 13 0 1
15 N 14 0 1
16 N 15 0 1
17 N 16 0 1
18 N 17 0 1
19 N 18 0 1
20 N 19 0 1
21 N 20 0 1
22 N 21 0 1
23 N 22 0 1
24 N 23 0 1
25 N 24 0 1
26 N 25 0 1
27 N 26 0 1
28 N 27 0 1
29 N 28 0 1
30 N 29 0 1
31 N 30 0 1
32 N 31 0 1
33 N 32 0 1
34 N 33 0 1
35 N 34 0 1
36 N 35 0 1
37 N 36 0 1
38 N 37 0 1
39 N 38 0 1
40 N 39 0 1
41 N 40 0 1
42 N 41 0 1
43 N 42 0 1
44 N 9 3 1
45 N 42 3 1
46 N 12 1 0
47 N 2 2 1
48 N 4 3 1
49 N 21 48 1
50 L 48
51 L 47
52 L 47
53 N 22 54 1
54 N 1 1 0
55 L 47
56 L 47
57 N 21 5 1
58 N 22 0 2
59 L 58
60 L 2
Bdd_store 61
0 F
1 T
2 N 1 0 1
3 N 2 0 1
4 N 3 0 1
5 N 4 0 1
6 N 5 0 1
7 N 6 0 1
8 N 7 0 1
9 N 8 0 1
10 N 9 0 1
11 N 10 0 1
12 N 11 0 1
13 N 12 0 1
14 N 13 0 1
15 N 14 0 1
16 N 15 0 1
17 N 16 0 1
18 N 17 0 1
19 N 18 0 1
20 N 19 0 1
21 N 20 0 1
22 N 21 0 1
23 N 22 0 1
24 N 23 0 1
25 N 24 0 1
26 N 25 0 1
27 N 26 0 1
28 N 27 0 1
29 N 28 0 1
30 N 29 0 1
31 N 30 0 1
32 N 31 0 1
33 N 32 0 1
34 N 33 0 1
35 N 34 0 1
36 N 35 0 1
37 N 36 0 1
38 N 37 0 1
39 N 38 0 1
40 N 39 0 1
41 N 40 0 1
42 N 41 0 1
43 N 42 0 1
44 N 9 3 1
45 N 42 3 1
46 N 12 1 0
47 N 2 2 1
48 N 4 3 1
49 N 21 48 1
50 L 48
51 L 47
52 L 47
53 N 22 54 1
54 N 1 1 0
55 L 47
56 L 47
57 N 21 5 1
58 N 22 0 2
59 L 58
60 L 2
Bdd_store 61
0 F
1 T
2 N 1 0 1
3 N 2 0 1
4 N 3 0 1
5 N 4 0 1
6 N 5 0 1
7 N 6 0 1
8 N 7 0 1
9 N 8 0 1
10 N 9 0 1
11 N 10 0 1
12 N 11 0 1
13 N 12 0 1
14 N 13 0 1
15 N 14 0 1
16 N 15 0 1
17 N 16 0 1
18 N 17 0 1
19 N 18 0 1
20 N 19 0 1
21 N 20 0 1
22 N 21 0 1
23 N 22 0 1
24 N 23 0 1
25 N 24 0 1
26 N 25 0 1
27 N 26 0 1
28 N 27 0 1
29 N 28 0 1
30 N 29 0 1
31 N 30 0 1
32 N 31 0 1
33 N 32 0 1
34 N 33 0 1
35 N 34 0 1
36 N 35 0 1
37 N 36 0 1
38 N 37 0 1
39 N 38 0 1
40 N 39 0 1
41 N 40 0 1
42 N 41 0 1
43 N 42 0 1
44 N 9 3 1
45 N 42 3 1
46 N 12 1 0
47 P 2 2 3 14
48 P 1 2 0 14
49 P 2 3 0 14
50 P 4 48 0 14
51 P 2 3 0 14
52 P 1 2 0 14
53 P 1 2 0 14
54 P 1 2 0 13
55 P 2 2 3 14
56 P 1 2 0 14
57 P 1 2 0 14
58 P 1 2 2 8
59 P 1 2 54 8
60 P 1 2 2 8
Bdd_store 61
0 F
1 T
2 N 1 0 1
3 N 2 0 1
4 N 3 0 1
5 N 4 0 1
6 N 5 0 1
7 N 6 0 1
8 N 7 0 1
9 N 8 0 1
10 N 9 0 1
11 N 10 0 1
12 N 11 0 1
13 N 12 0 1
14 N 13 0 1
15 N 14 0 1
16 N 15 0 1
17 N 16 0 1
18 N 17 0 1
19 N 18 0 1
20 N 19 0 1
21 N 20 0 1
22 N 21 0 1
23 N 22 0 1
24 N 23 0 1
25 N 24 0 1
26 N 25 0 1
27 N 26 0 1
28 N 27 0 1
29 N 28 0 1
30 N 29 0 1
31 N 30 0 1
32 N 31 0 1
33 N 32 0 1
34 N 33 0 1
35 N 34 0 1
36 N 35 0 1
37 N 36 0 1
38 N 37 0 1
39 N 38 0 1
40 N 39 0 1
41 N 40 0 1
42 N 41 0 1
43 N 42 0 1
44 N 9 3 1
45 N 42 3 1
46 N 12 1 0
47 P 2 2 3 14
48 P 1 2 0 14
49 P 2 3 0 14
50 P 4 48 0 14
51 P 2 3 0 14
52 P 1 2 0 14
53 P 1 2 0 14
54 P 1 2 0 13
55 P 2 2 3 14
56 P 1 2 0 14
57 P 1 2 0 14
58 P 1 2 2 8
59 P 1 2 54 8
60 P 1 2 2 8
Bdd_store 61
0 F
1 T
2 N 1 0 1
3 N 2 0 1
4 N 3 0 1
5 N 4 0 1
6 N 5 0 1
7 N 6 0 1
8 N 7 0 1
9 N 8 0 1
10 N 9 0 1
11 N 10 0 1
12 N 11 0 1
13 N 12 0 1
14 N 13 0 1
15 N 14 0 1
16 N 15 0 1
17 N 16 0 1
18 N 17 0 1
19 N 18 0 1
20 N 19 0 1
21 N 20 0 1
22 N 21 0 1
23 N 22 0 1
24 N 23 0 1
25 N 24 0 1
26 N 25 0 1
27 N 26 0 1
28 N 27 0 1
29 N 28 0 1
30 N 29 0 1
31 N 30 0 1
32 N 31 0 1
33 N 32 0 1
34 N 33 0 1
35 N 34 0 1
36 N 35 0 1
37 N 36 0 1
38 N 37 0 1
39 N 38 0 1
40 N 39 0 1
41 N 40 0 1
42 N 41 0 1
43 N 42 0 1
44 N 9 3 1
45 N 42 3 1
46 P 12 0 13 9
47 P 2 2 3 14
48 P 1 2 0 14
49 P 2 3 0 14
50 P 4 48 0 14
51 P 2 3 0 14
52 P 1 2 0 14
53 P 1 2 0 14
54 P 1 2 0 13
55 P 2 2 3 14
56 P 1 2 0 14
57 P 1 2 0 14
58 P 1 2 2 8
59 P 1 2 54 8
60 P 1 2 2 8
Bdd_store 61
0 F
1 T
2 N 1 0 1
3 N 2 0 1
4 N 3 0 1
5 N 4 0 1
6 N 5 0 1
7 N 6 0 1
8 N 7 0 1
9 N 8 0 1
10 N 9 0 1
11 N 10 0 1
12 N 11 0 1
13 N 12 0 1
14 N 13 0 1
15 N 14 0 1
16 N 15 0 1
17 N 16 0 1
18 N 17 0 1
19 N 18 0 1
20 N 19 0 1
21 N 20 0 1
22 N 21 0 1
23 N 22 0 1
24 N 23 0 1
25 N 24 0 1
26 N 25 0 1
27 N 26 0 1
28 N 27 0 1
29 N 28 0 1
30 N 29 0 1
31 N 30 0 1
32 N 31 0 1
33 N 32 0 1
34 N 33 0 1
35 N 34 0 1
36 N 35 0 1
37 N 36 0 1
38 N 37 0 1
39 N 38 0 1
40 N 39 0 1
41 N 40 0 1
42 N 41 0 1
43 N 42 0 1
44 P 9 10 3 14
45 P 42 3 43 14
46 P 2 3 0 14
47 P 2 2 3 14
48 P 1 2 0 14
49 P 2 3 0 14
50 P 4 48 0 14
51 P 2 3 0 14
52 P 1 2 0 14
53 P 1 2 0 14
54 P 1 2 0 13
55 P 2 2 3 14
56 P 1 2 0 14
57 P 1 2 0 14
58 P 1 2 2 8
59 P 1 2 54 8
60 P 1 2 2 8
