Bdd_store 128
0 F
1 T
2 N 1 0 1
3 N 2 0 1
4 N 3 0 1
5 N 4 0 1
6 N 5 0 1
7 N 6 0 1
8 N 7 0 1
9 N 8 0 1
10 N 9 0 1
11 N 10 0 1
12 N 11 0 1
13 N 12 0 1
14 N 13 0 1
15 N 14 0 1
16 N 15 0 1
17 N 16 0 1
18 N 17 0 1
19 N 18 0 1
20 N 19 0 1
21 N 20 0 1
22 N 21 0 1
23 N 22 0 1
24 N 23 0 1
25 N 24 0 1
26 N 25 0 1
27 N 26 0 1
28 N 27 0 1
29 N 28 0 1
30 N 29 0 1
31 N 30 0 1
32 N 31 0 1
33 N 32 0 1
34 N 33 0 1
35 N 34 0 1
36 N 35 0 1
37 N 36 0 1
38 N 37 0 1
39 N 38 0 1
40 N 39 0 1
41 N 40 0 1
42 N 41 0 1
43 N 42 0 1
44 N 43 0 1
45 N 44 0 1
46 N 45 0 1
47 N 46 0 1
48 N 47 0 1
49 N 48 0 1
50 N 49 0 1
51 N 50 0 1
52 N 51 0 1
53 N 52 0 1
54 N 53 0 1
55 N 54 0 1
56 N 55 0 1
57 N 56 0 1
58 N 57 0 1
59 N 58 0 1
60 N 59 0 1
61 N 60 0 1
62 N 61 0 1
63 N 62 0 1
64 N 63 0 1
65 N 64 0 1
66 N 65 0 1
67 N 66 0 1
68 N 67 0 1
69 N 68 0 1
70 N 69 0 1
71 N 70 0 1
72 N 71 0 1
73 N 72 0 1
74 N 73 0 1
75 N 74 0 1
76 N 75 0 1
77 N 76 0 1
78 N 77 0 1
79 N 78 0 1
80 N 79 0 1
81 N 80 0 1
82 N 81 0 1
83 N 82 0 1
84 N 83 0 1
85 N 84 0 1
86 N 85 0 1
87 N 86 0 1
88 N 87 0 1
89 N 88 0 1
90 N 89 0 1
91 N 90 0 1
92 N 91 0 1
93 N 92 0 1
94 N 93 0 1
95 N 94 0 1
96 N 95 0 1
97 N 96 0 1
98 N 97 0 1
99 N 2 2 1
100 L 99
101 N 23 102 1
102 N 4 1 0
103 L 1
104 N 9 1 8
105 N 9 1 106
106 N 7 2 1
107 L 105
108 L 106
109 L 105
110 L 106
111 N 97 4 1
112 N 97 113 1
113 N 22 4 1
114 L 99
115 L 99
116 N 9 99 117
117 N 7 2 99
118 L 2
119 L 116
120 L 99
121 L 117
122 L 2
123 N 7 0 3
124 N 9 3 123
125 L 4
126 L 4
127 L 4
Bdd_store 128
0 F
1 T
2 N 1 0 1
3 N 2 0 1
4 N 3 0 1
5 N 4 0 1
6 N 5 0 1
7 N 6 0 1
8 N 7 0 1
9 N 8 0 1
10 N 9 0 1
11 N 10 0 1
12 N 11 0 1
13 N 12 0 1
14 N 13 0 1
15 N 14 0 1
16 N 15 0 1
17 N 16 0 1
18 N 17 0 1
19 N 18 0 1
20 N 19 0 1
21 N 20 0 1
22 N 21 0 1
23 N 22 0 1
24 N 23 0 1
25 N 24 0 1
26 N 25 0 1
27 N 26 0 1
28 N 27 0 1
29 N 28 0 1
30 N 29 0 1
31 N 30 0 1
32 N 31 0 1
33 N 32 0 1
34 N 33 0 1
35 N 34 0 1
36 N 35 0 1
37 N 36 0 1
38 N 37 0 1
39 N 38 0 1
40 N 39 0 1
41 N 40 0 1
42 N 41 0 1
43 N 42 0 1
44 N 43 0 1
45 N 44 0 1
46 N 45 0 1
47 N 46 0 1
48 N 47 0 1
49 N 48 0 1
50 N 49 0 1
51 N 50 0 1
52 N 51 0 1
53 N 52 0 1
54 N 53 0 1
55 N 54 0 1
56 N 55 0 1
57 N 56 0 1
58 N 57 0 1
59 N 58 0 1
60 N 59 0 1
61 N 60 0 1
62 N 61 0 1
63 N 62 0 1
64 N 63 0 1
65 N 64 0 1
66 N 65 0 1
67 N 66 0 1
68 N 67 0 1
69 N 68 0 1
70 N 69 0 1
71 N 70 0 1
72 N 71 0 1
73 N 72 0 1
74 N 73 0 1
75 N 74 0 1
76 N 75 0 1
77 N 76 0 1
78 N 77 0 1
79 N 78 0 1
80 N 79 0 1
81 N 80 0 1
82 N 81 0 1
83 N 82 0 1
84 N 83 0 1
85 N 84 0 1
86 N 85 0 1
87 N 86 0 1
88 N 87 0 1
89 N 88 0 1
90 N 89 0 1
91 N 90 0 1
92 N 91 0 1
93 N 92 0 1
94 N 93 0 1
95 N 94 0 1
96 N 95 0 1
97 N 96 0 1
98 N 97 0 1
99 N 2 2 1
100 L 99
101 N 23 102 1
102 N 4 1 0
103 L 1
104 N 9 1 8
105 N 9 1 106
106 N 7 2 1
107 L 105
108 L 106
109 L 105
110 L 106
111 N 97 4 1
112 N 97 113 1
113 N 22 4 1
114 L 99
115 L 99
116 N 9 99 117
117 N 7 2 99
118 L 2
119 L 116
120 L 99
121 L 117
122 L 2
123 N 7 0 3
124 N 9 3 123
125 L 4
126 L 4
127 L 4
Bdd_store 128
0 F
1 T
2 N 1 0 1
3 N 2 0 1
4 N 3 0 1
5 N 4 0 1
6 N 5 0 1
7 N 6 0 1
8 N 7 0 1
9 N 8 0 1
10 N 9 0 1
11 N 10 0 1
12 N 11 0 1
13 N 12 0 1
14 N 13 0 1
15 N 14 0 1
16 N 15 0 1
17 N 16 0 1
18 N 17 0 1
19 N 18 0 1
20 N 19 0 1
21 N 20 0 1
22 N 21 0 1
23 N 22 0 1
24 N 23 0 1
25 N 24 0 1
26 N 25 0 1
27 N 26 0 1
28 N 27 0 1
29 N 28 0 1
30 N 29 0 1
31 N 30 0 1
32 N 31 0 1
33 N 32 0 1
34 N 33 0 1
35 N 34 0 1
36 N 35 0 1
37 N 36 0 1
38 N 37 0 1
39 N 38 0 1
40 N 39 0 1
41 N 40 0 1
42 N 41 0 1
43 N 42 0 1
44 N 43 0 1
45 N 44 0 1
46 N 45 0 1
47 N 46 0 1
48 N 47 0 1
49 N 48 0 1
50 N 49 0 1
51 N 50 0 1
52 N 51 0 1
53 N 52 0 1
54 N 53 0 1
55 N 54 0 1
56 N 55 0 1
57 N 56 0 1
58 N 57 0 1
59 N 58 0 1
60 N 59 0 1
61 N 60 0 1
62 N 61 0 1
63 N 62 0 1
64 N 63 0 1
65 N 64 0 1
66 N 65 0 1
67 N 66 0 1
68 N 67 0 1
69 N 68 0 1
70 N 69 0 1
71 N 70 0 1
72 N 71 0 1
73 N 72 0 1
74 N 73 0 1
75 N 74 0 1
76 N 75 0 1
77 N 76 0 1
78 N 77 0 1
79 N 78 0 1
80 N 79 0 1
81 N 80 0 1
82 N 81 0 1
83 N 82 0 1
84 N 83 0 1
85 N 84 0 1
86 N 85 0 1
87 N 86 0 1
88 N 87 0 1
89 N 88 0 1
90 N 89 0 1
91 N 90 0 1
92 N 91 0 1
93 N 92 0 1
94 N 93 0 1
95 N 94 0 1
96 N 95 0 1
97 N 96 0 1
98 N 97 0 1
99 N 2 2 1
100 L 99
101 N 23 102 1
102 N 4 1 0
103 L 1
104 N 9 1 8
105 N 9 1 106
106 N 7 2 1
107 L 105
108 L 106
109 L 105
110 L 106
111 N 97 4 1
112 N 97 113 1
113 N 22 4 1
114 L 99
115 L 99
116 N 9 99 117
117 N 7 2 99
118 L 2
119 L 116
120 L 99
121 L 117
122 L 2
123 N 7 0 3
124 N 9 3 123
125 L 4
126 L 4
127 L 4
Bdd_store 128
0 F
1 T
2 N 1 0 1
3 N 2 0 1
4 N 3 0 1
5 N 4 0 1
6 N 5 0 1
7 N 6 0 1
8 N 7 0 1
9 N 8 0 1
10 N 9 0 1
11 N 10 0 1
12 N 11 0 1
13 N 12 0 1
14 N 13 0 1
15 N 14 0 1
16 N 15 0 1
17 N 16 0 1
18 N 17 0 1
19 N 18 0 1
20 N 19 0 1
21 N 20 0 1
22 N 21 0 1
23 N 22 0 1
24 N 23 0 1
25 N 24 0 1
26 N 25 0 1
27 N 26 0 1
28 N 27 0 1
29 N 28 0 1
30 N 29 0 1
31 N 30 0 1
32 N 31 0 1
33 N 32 0 1
34 N 33 0 1
35 N 34 0 1
36 N 35 0 1
37 N 36 0 1
38 N 37 0 1
39 N 38 0 1
40 N 39 0 1
41 N 40 0 1
42 N 41 0 1
43 N 42 0 1
44 N 43 0 1
45 N 44 0 1
46 N 45 0 1
47 N 46 0 1
48 N 47 0 1
49 N 48 0 1
50 N 49 0 1
51 N 50 0 1
52 N 51 0 1
53 N 52 0 1
54 N 53 0 1
55 N 54 0 1
56 N 55 0 1
57 N 56 0 1
58 N 57 0 1
59 N 58 0 1
60 N 59 0 1
61 N 60 0 1
62 N 61 0 1
63 N 62 0 1
64 N 63 0 1
65 N 64 0 1
66 N 65 0 1
67 N 66 0 1
68 N 67 0 1
69 N 68 0 1
70 N 69 0 1
71 N 70 0 1
72 N 71 0 1
73 N 72 0 1
74 N 73 0 1
75 N 74 0 1
76 N 75 0 1
77 N 76 0 1
78 N 77 0 1
79 N 78 0 1
80 N 79 0 1
81 N 80 0 1
82 N 81 0 1
83 N 82 0 1
84 N 83 0 1
85 N 84 0 1
86 N 85 0 1
87 N 86 0 1
88 N 87 0 1
89 N 88 0 1
90 N 89 0 1
91 N 90 0 1
92 N 91 0 1
93 N 92 0 1
94 N 93 0 1
95 N 94 0 1
96 N 95 0 1
97 N 96 0 1
98 N 97 0 1
99 N 2 2 1
100 L 99
101 N 23 102 1
102 N 4 1 0
103 L 1
104 N 9 1 8
105 N 9 1 106
106 N 7 2 1
107 L 105
108 L 106
109 L 105
110 L 106
111 N 97 4 1
112 N 97 113 1
113 N 22 4 1
114 L 99
115 L 99
116 N 9 99 117
117 N 7 2 99
118 L 2
119 L 116
120 L 99
121 L 117
122 L 2
123 N 7 0 3
124 N 9 3 123
125 L 4
126 L 4
127 L 4
Bdd_store 128
0 F
1 T
2 N 1 0 1
3 N 2 0 1
4 N 3 0 1
5 N 4 0 1
6 N 5 0 1
7 N 6 0 1
8 N 7 0 1
9 N 8 0 1
10 N 9 0 1
11 N 10 0 1
12 N 11 0 1
13 N 12 0 1
14 N 13 0 1
15 N 14 0 1
16 N 15 0 1
17 N 16 0 1
18 N 17 0 1
19 N 18 0 1
20 N 19 0 1
21 N 20 0 1
22 N 21 0 1
23 N 22 0 1
24 N 23 0 1
25 N 24 0 1
26 N 25 0 1
27 N 26 0 1
28 N 27 0 1
29 N 28 0 1
30 N 29 0 1
31 N 30 0 1
32 N 31 0 1
33 N 32 0 1
34 N 33 0 1
35 N 34 0 1
36 N 35 0 1
37 N 36 0 1
38 N 37 0 1
39 N 38 0 1
40 N 39 0 1
41 N 40 0 1
42 N 41 0 1
43 N 42 0 1
44 N 43 0 1
45 N 44 0 1
46 N 45 0 1
47 N 46 0 1
48 N 47 0 1
49 N 48 0 1
50 N 49 0 1
51 N 50 0 1
52 N 51 0 1
53 N 52 0 1
54 N 53 0 1
55 N 54 0 1
56 N 55 0 1
57 N 56 0 1
58 N 57 0 1
59 N 58 0 1
60 N 59 0 1
61 N 60 0 1
62 N 61 0 1
63 N 62 0 1
64 N 63 0 1
65 N 64 0 1
66 N 65 0 1
67 N 66 0 1
68 N 67 0 1
69 N 68 0 1
70 N 69 0 1
71 N 70 0 1
72 N 71 0 1
73 N 72 0 1
74 N 73 0 1
75 N 74 0 1
76 N 75 0 1
77 N 76 0 1
78 N 77 0 1
79 N 78 0 1
80 N 79 0 1
81 N 80 0 1
82 N 81 0 1
83 N 82 0 1
84 N 83 0 1
85 N 84 0 1
86 N 85 0 1
87 N 86 0 1
88 N 87 0 1
89 N 88 0 1
90 N 89 0 1
91 N 90 0 1
92 N 91 0 1
93 N 92 0 1
94 N 93 0 1
95 N 94 0 1
96 N 95 0 1
97 N 96 0 1
98 N 97 0 1
99 N 2 2 1
100 L 99
101 N 23 102 1
102 N 4 1 0
103 L 1
104 N 9 1 8
105 N 9 1 106
106 N 7 2 1
107 L 105
108 L 106
109 L 105
110 L 106
111 N 97 4 1
112 N 97 113 1
113 N 22 4 1
114 L 99
115 L 99
116 N 9 99 117
117 N 7 2 99
118 L 2
119 L 116
120 L 99
121 L 117
122 L 2
123 N 7 0 3
124 N 9 3 123
125 L 4
126 L 4
127 L 4
Bdd_store 128
0 F
1 T
2 N 1 0 1
3 N 2 0 1
4 N 3 0 1
5 N 4 0 1
6 N 5 0 1
7 N 6 0 1
8 N 7 0 1
9 N 8 0 1
10 N 9 0 1
11 N 10 0 1
12 N 11 0 1
13 N 12 0 1
14 N 13 0 1
15 N 14 0 1
16 N 15 0 1
17 N 16 0 1
18 N 17 0 1
19 N 18 0 1
20 N 19 0 1
21 N 20 0 1
22 N 21 0 1
23 N 22 0 1
24 N 23 0 1
25 N 24 0 1
26 N 25 0 1
27 N 26 0 1
28 N 27 0 1
29 N 28 0 1
30 N 29 0 1
31 N 30 0 1
32 N 31 0 1
33 N 32 0 1
34 N 33 0 1
35 N 34 0 1
36 N 35 0 1
37 N 36 0 1
38 N 37 0 1
39 N 38 0 1
40 N 39 0 1
41 N 40 0 1
42 N 41 0 1
43 N 42 0 1
44 N 43 0 1
45 N 44 0 1
46 N 45 0 1
47 N 46 0 1
48 N 47 0 1
49 N 48 0 1
50 N 49 0 1
51 N 50 0 1
52 N 51 0 1
53 N 52 0 1
54 N 53 0 1
55 N 54 0 1
56 N 55 0 1
57 N 56 0 1
58 N 57 0 1
59 N 58 0 1
60 N 59 0 1
61 N 60 0 1
62 N 61 0 1
63 N 62 0 1
64 N 63 0 1
65 N 64 0 1
66 N 65 0 1
67 N 66 0 1
68 N 67 0 1
69 N 68 0 1
70 N 69 0 1
71 N 70 0 1
72 N 71 0 1
73 N 72 0 1
74 N 73 0 1
75 N 74 0 1
76 N 75 0 1
77 N 76 0 1
78 N 77 0 1
79 N 78 0 1
80 N 79 0 1
81 N 80 0 1
82 N 81 0 1
83 N 82 0 1
84 N 83 0 1
85 N 84 0 1
86 N 85 0 1
87 N 86 0 1
88 N 87 0 1
89 N 88 0 1
90 N 89 0 1
91 N 90 0 1
92 N 91 0 1
93 N 92 0 1
94 N 93 0 1
95 N 94 0 1
96 N 95 0 1
97 N 96 0 1
98 N 97 0 1
99 N 2 2 1
100 L 99
101 N 23 102 1
102 N 4 1 0
103 L 1
104 N 9 1 8
105 N 9 1 106
106 N 7 2 1
107 L 105
108 L 106
109 L 105
110 L 106
111 N 97 4 1
112 N 97 113 1
113 N 22 4 1
114 L 99
115 L 99
116 N 9 99 117
117 N 7 2 99
118 L 2
119 L 116
120 L 99
121 L 117
122 L 2
123 N 7 0 3
124 N 9 3 123
125 L 4
126 L 4
127 L 4
Bdd_store 128
0 F
1 T
2 N 1 0 1
3 N 2 0 1
4 N 3 0 1
5 N 4 0 1
6 N 5 0 1
7 N 6 0 1
8 N 7 0 1
9 N 8 0 1
10 N 9 0 1
11 N 10 0 1
12 N 11 0 1
13 N 12 0 1
14 N 13 0 1
15 N 14 0 1
16 N 15 0 1
17 N 16 0 1
18 N 17 0 1
19 N 18 0 1
20 N 19 0 1
21 N 20 0 1
22 N 21 0 1
23 N 22 0 1
24 N 23 0 1
25 N 24 0 1
26 N 25 0 1
27 N 26 0 1
28 N 27 0 1
29 N 28 0 1
30 N 29 0 1
31 N 30 0 1
32 N 31 0 1
33 N 32 0 1
34 N 33 0 1
35 N 34 0 1
36 N 35 0 1
37 N 36 0 1
38 N 37 0 1
39 N 38 0 1
40 N 39 0 1
41 N 40 0 1
42 N 41 0 1
43 N 42 0 1
44 N 43 0 1
45 N 44 0 1
46 N 45 0 1
47 N 46 0 1
48 N 47 0 1
49 N 48 0 1
50 N 49 0 1
51 N 50 0 1
52 N 51 0 1
53 N 52 0 1
54 N 53 0 1
55 N 54 0 1
56 N 55 0 1
57 N 56 0 1
58 N 57 0 1
59 N 58 0 1
60 N 59 0 1
61 N 60 0 1
62 N 61 0 1
63 N 62 0 1
64 N 63 0 1
65 N 64 0 1
66 N 65 0 1
67 N 66 0 1
68 N 67 0 1
69 N 68 0 1
70 N 69 0 1
71 N 70 0 1
72 N 71 0 1
73 N 72 0 1
74 N 73 0 1
75 N 74 0 1
76 N 75 0 1
77 N 76 0 1
78 N 77 0 1
79 N 78 0 1
80 N 79 0 1
81 N 80 0 1
82 N 81 0 1
83 N 82 0 1
84 N 83 0 1
85 N 84 0 1
86 N 85 0 1
87 N 86 0 1
88 N 87 0 1
89 N 88 0 1
90 N 89 0 1
91 N 90 0 1
92 N 91 0 1
93 N 92 0 1
94 N 93 0 1
95 N 94 0 1
96 N 95 0 1
97 N 96 0 1
98 N 97 0 1
99 N 2 2 1
100 L 99
101 N 23 102 1
102 N 4 1 0
103 L 1
104 N 9 1 8
105 N 9 1 106
106 N 7 2 1
107 L 105
108 L 106
109 L 105
110 L 106
111 N 97 4 1
112 N 97 113 1
113 N 22 4 1
114 L 99
115 L 99
116 N 9 99 117
117 N 7 2 99
118 L 2
119 L 116
120 L 99
121 L 117
122 L 2
123 N 7 0 3
124 N 9 3 123
125 L 4
126 L 4
127 L 4
Bdd_store 128
0 F
1 T
2 N 1 0 1
3 N 2 0 1
4 N 3 0 1
5 N 4 0 1
6 N 5 0 1
7 N 6 0 1
8 N 7 0 1
9 N 8 0 1
10 N 9 0 1
11 N 10 0 1
12 N 11 0 1
13 N 12 0 1
14 N 13 0 1
15 N 14 0 1
16 N 15 0 1
17 N 16 0 1
18 N 17 0 1
19 N 18 0 1
20 N 19 0 1
21 N 20 0 1
22 N 21 0 1
23 N 22 0 1
24 N 23 0 1
25 N 24 0 1
26 N 25 0 1
27 N 26 0 1
28 N 27 0 1
29 N 28 0 1
30 N 29 0 1
31 N 30 0 1
32 N 31 0 1
33 N 32 0 1
34 N 33 0 1
35 N 34 0 1
36 N 35 0 1
37 N 36 0 1
38 N 37 0 1
39 N 38 0 1
40 N 39 0 1
41 N 40 0 1
42 N 41 0 1
43 N 42 0 1
44 N 43 0 1
45 N 44 0 1
46 N 45 0 1
47 N 46 0 1
48 N 47 0 1
49 N 48 0 1
50 N 49 0 1
51 N 50 0 1
52 N 51 0 1
53 N 52 0 1
54 N 53 0 1
55 N 54 0 1
56 N 55 0 1
57 N 56 0 1
58 N 57 0 1
59 N 58 0 1
60 N 59 0 1
61 N 60 0 1
62 N 61 0 1
63 N 62 0 1
64 N 63 0 1
65 N 64 0 1
66 N 65 0 1
67 N 66 0 1
68 N 67 0 1
69 N 68 0 1
70 N 69 0 1
71 N 70 0 1
72 N 71 0 1
73 N 72 0 1
74 N 73 0 1
75 N 74 0 1
76 N 75 0 1
77 N 76 0 1
78 N 77 0 1
79 N 78 0 1
80 N 79 0 1
81 N 80 0 1
82 N 81 0 1
83 N 82 0 1
84 N 83 0 1
85 N 84 0 1
86 N 85 0 1
87 N 86 0 1
88 N 87 0 1
89 N 88 0 1
90 N 89 0 1
91 N 90 0 1
92 N 91 0 1
93 N 92 0 1
94 N 93 0 1
95 N 94 0 1
96 N 95 0 1
97 N 96 0 1
98 N 97 0 1
99 N 2 2 1
100 L 99
101 N 23 102 1
102 N 4 1 0
103 L 1
104 N 9 1 8
105 N 9 1 106
106 N 7 2 1
107 L 105
108 L 106
109 L 105
110 L 106
111 N 97 4 1
112 N 97 113 1
113 N 22 4 1
114 L 99
115 L 99
116 N 9 99 117
117 N 7 2 99
118 L 2
119 L 116
120 L 99
121 L 117
122 L 2
123 N 7 0 3
124 N 9 3 123
125 L 4
126 L 4
127 L 4
Bdd_store 128
0 F
1 T
2 N 1 0 1
3 N 2 0 1
4 N 3 0 1
5 N 4 0 1
6 N 5 0 1
7 N 6 0 1
8 N 7 0 1
9 N 8 0 1
10 N 9 0 1
11 N 10 0 1
12 N 11 0 1
13 N 12 0 1
14 N 13 0 1
15 N 14 0 1
16 N 15 0 1
17 N 16 0 1
18 N 17 0 1
19 N 18 0 1
20 N 19 0 1
21 N 20 0 1
22 N 21 0 1
23 N 22 0 1
24 N 23 0 1
25 N 24 0 1
26 N 25 0 1
27 N 26 0 1
28 N 27 0 1
29 N 28 0 1
30 N 29 0 1
31 N 30 0 1
32 N 31 0 1
33 N 32 0 1
34 N 33 0 1
35 N 34 0 1
36 N 35 0 1
37 N 36 0 1
38 N 37 0 1
39 N 38 0 1
40 N 39 0 1
41 N 40 0 1
42 N 41 0 1
43 N 42 0 1
44 N 43 0 1
45 N 44 0 1
46 N 45 0 1
47 N 46 0 1
48 N 47 0 1
49 N 48 0 1
50 N 49 0 1
51 N 50 0 1
52 N 51 0 1
53 N 52 0 1
54 N 53 0 1
55 N 54 0 1
56 N 55 0 1
57 N 56 0 1
58 N 57 0 1
59 N 58 0 1
60 N 59 0 1
61 N 60 0 1
62 N 61 0 1
63 N 62 0 1
64 N 63 0 1
65 N 64 0 1
66 N 65 0 1
67 N 66 0 1
68 N 67 0 1
69 N 68 0 1
70 N 69 0 1
71 N 70 0 1
72 N 71 0 1
73 N 72 0 1
74 N 73 0 1
75 N 74 0 1
76 N 75 0 1
77 N 76 0 1
78 N 77 0 1
79 N 78 0 1
80 N 79 0 1
81 N 80 0 1
82 N 81 0 1
83 N 82 0 1
84 N 83 0 1
85 N 84 0 1
86 N 85 0 1
87 N 86 0 1
88 N 87 0 1
89 N 88 0 1
90 N 89 0 1
91 N 90 0 1
92 N 91 0 1
93 N 92 0 1
94 N 93 0 1
95 N 94 0 1
96 N 95 0 1
97 N 96 0 1
98 N 97 0 1
99 N 2 2 1
100 L 99
101 N 23 102 1
102 N 4 1 0
103 L 1
104 N 9 1 8
105 N 9 1 106
106 N 7 2 1
107 L 105
108 L 106
109 L 105
110 L 106
111 N 97 4 1
112 N 97 113 1
113 N 22 4 1
114 L 99
115 L 99
116 N 9 99 117
117 N 7 2 99
118 L 2
119 L 116
120 L 99
121 L 117
122 L 2
123 N 7 0 3
124 N 9 3 123
125 L 4
126 L 4
127 L 4
Bdd_store 128
0 F
1 T
2 N 1 0 1
3 N 2 0 1
4 N 3 0 1
5 N 4 0 1
6 N 5 0 1
7 N 6 0 1
8 N 7 0 1
9 N 8 0 1
10 N 9 0 1
11 N 10 0 1
12 N 11 0 1
13 N 12 0 1
14 N 13 0 1
15 N 14 0 1
16 N 15 0 1
17 N 16 0 1
18 N 17 0 1
19 N 18 0 1
20 N 19 0 1
21 N 20 0 1
22 N 21 0 1
23 N 22 0 1
24 N 23 0 1
25 N 24 0 1
26 N 25 0 1
27 N 26 0 1
28 N 27 0 1
29 N 28 0 1
30 N 29 0 1
31 N 30 0 1
32 N 31 0 1
33 N 32 0 1
34 N 33 0 1
35 N 34 0 1
36 N 35 0 1
37 N 36 0 1
38 N 37 0 1
39 N 38 0 1
40 N 39 0 1
41 N 40 0 1
42 N 41 0 1
43 N 42 0 1
44 N 43 0 1
45 N 44 0 1
46 N 45 0 1
47 N 46 0 1
48 N 47 0 1
49 N 48 0 1
50 N 49 0 1
51 N 50 0 1
52 N 51 0 1
53 N 52 0 1
54 N 53 0 1
55 N 54 0 1
56 N 55 0 1
57 N 56 0 1
58 N 57 0 1
59 N 58 0 1
60 N 59 0 1
61 N 60 0 1
62 N 61 0 1
63 N 62 0 1
64 N 63 0 1
65 N 64 0 1
66 N 65 0 1
67 N 66 0 1
68 N 67 0 1
69 N 68 0 1
70 N 69 0 1
71 N 70 0 1
72 N 71 0 1
73 N 72 0 1
74 N 73 0 1
75 N 74 0 1
76 N 75 0 1
77 N 76 0 1
78 N 77 0 1
79 N 78 0 1
80 N 79 0 1
81 N 80 0 1
82 N 81 0 1
83 N 82 0 1
84 N 83 0 1
85 N 84 0 1
86 N 85 0 1
87 N 86 0 1
88 N 87 0 1
89 N 88 0 1
90 N 89 0 1
91 N 90 0 1
92 N 91 0 1
93 N 92 0 1
94 N 93 0 1
95 N 94 0 1
96 N 95 0 1
97 N 96 0 1
98 N 97 0 1
99 N 2 2 1
100 L 99
101 N 23 102 1
102 N 4 1 0
103 L 1
104 N 9 1 8
105 N 9 1 106
106 N 7 2 1
107 L 105
108 L 106
109 L 105
110 L 106
111 N 97 4 1
112 N 97 113 1
113 N 22 4 1
114 L 99
115 L 99
116 N 9 99 117
117 N 7 2 99
118 L 2
119 L 116
120 L 99
121 L 117
122 L 2
123 N 7 0 3
124 N 9 3 123
125 L 4
126 L 4
127 L 4
Bdd_store 128
0 F
1 T
2 N 1 0 1
3 N 2 0 1
4 N 3 0 1
5 N 4 0 1
6 N 5 0 1
7 N 6 0 1
8 N 7 0 1
9 N 8 0 1
10 N 9 0 1
11 N 10 0 1
12 N 11 0 1
13 N 12 0 1
14 N 13 0 1
15 N 14 0 1
16 N 15 0 1
17 N 16 0 1
18 N 17 0 1
19 N 18 0 1
20 N 19 0 1
21 N 20 0 1
22 N 21 0 1
23 N 22 0 1
24 N 23 0 1
25 N 24 0 1
26 N 25 0 1
27 N 26 0 1
28 N 27 0 1
29 N 28 0 1
30 N 29 0 1
31 N 30 0 1
32 N 31 0 1
33 N 32 0 1
34 N 33 0 1
35 N 34 0 1
36 N 35 0 1
37 N 36 0 1
38 N 37 0 1
39 N 38 0 1
40 N 39 0 1
41 N 40 0 1
42 N 41 0 1
43 N 42 0 1
44 N 43 0 1
45 N 44 0 1
46 N 45 0 1
47 N 46 0 1
48 N 47 0 1
49 N 48 0 1
50 N 49 0 1
51 N 50 0 1
52 N 51 0 1
53 N 52 0 1
54 N 53 0 1
55 N 54 0 1
56 N 55 0 1
57 N 56 0 1
58 N 57 0 1
59 N 58 0 1
60 N 59 0 1
61 N 60 0 1
62 N 61 0 1
63 N 62 0 1
64 N 63 0 1
65 N 64 0 1
66 N 65 0 1
67 N 66 0 1
68 N 67 0 1
69 N 68 0 1
70 N 69 0 1
71 N 70 0 1
72 N 71 0 1
73 N 72 0 1
74 N 73 0 1
75 N 74 0 1
76 N 75 0 1
77 N 76 0 1
78 N 77 0 1
79 N 78 0 1
80 N 79 0 1
81 N 80 0 1
82 N 81 0 1
83 N 82 0 1
84 N 83 0 1
85 N 84 0 1
86 N 85 0 1
87 N 86 0 1
88 N 87 0 1
89 N 88 0 1
90 N 89 0 1
91 N 90 0 1
92 N 91 0 1
93 N 92 0 1
94 N 93 0 1
95 N 94 0 1
96 N 95 0 1
97 N 96 0 1
98 N 97 0 1
99 N 2 2 1
100 L 99
101 N 23 102 1
102 N 4 1 0
103 L 1
104 N 9 1 8
105 N 9 1 106
106 N 7 2 1
107 L 105
108 L 106
109 L 105
110 L 106
111 N 97 4 1
112 N 97 113 1
113 N 22 4 1
114 L 99
115 L 99
116 N 9 99 117
117 N 7 2 99
118 L 2
119 L 116
120 L 99
121 L 117
122 L 2
123 N 7 0 3
124 N 9 3 123
125 L 4
126 L 4
127 L 4
Bdd_store 128
0 F
1 T
2 N 1 0 1
3 N 2 0 1
4 N 3 0 1
5 N 4 0 1
6 N 5 0 1
7 N 6 0 1
8 N 7 0 1
9 N 8 0 1
10 N 9 0 1
11 N 10 0 1
12 N 11 0 1
13 N 12 0 1
14 N 13 0 1
15 N 14 0 1
16 N 15 0 1
17 N 16 0 1
18 N 17 0 1
19 N 18 0 1
20 N 19 0 1
21 N 20 0 1
22 N 21 0 1
23 N 22 0 1
24 N 23 0 1
25 N 24 0 1
26 N 25 0 1
27 N 26 0 1
28 N 27 0 1
29 N 28 0 1
30 N 29 0 1
31 N 30 0 1
32 N 31 0 1
33 N 32 0 1
34 N 33 0 1
35 N 34 0 1
36 N 35 0 1
37 N 36 0 1
38 N 37 0 1
39 N 38 0 1
40 N 39 0 1
41 N 40 0 1
42 N 41 0 1
43 N 42 0 1
44 N 43 0 1
45 N 44 0 1
46 N 45 0 1
47 N 46 0 1
48 N 47 0 1
49 N 48 0 1
50 N 49 0 1
51 N 50 0 1
52 N 51 0 1
53 N 52 0 1
54 N 53 0 1
55 N 54 0 1
56 N 55 0 1
57 N 56 0 1
58 N 57 0 1
59 N 58 0 1
60 N 59 0 1
61 N 60 0 1
62 N 61 0 1
63 N 62 0 1
64 N 63 0 1
65 N 64 0 1
66 N 65 0 1
67 N 66 0 1
68 N 67 0 1
69 N 68 0 1
70 N 69 0 1
71 N 70 0 1
72 N 71 0 1
73 N 72 0 1
74 N 73 0 1
75 N 74 0 1
76 N 75 0 1
77 N 76 0 1
78 N 77 0 1
79 N 78 0 1
80 N 79 0 1
81 N 80 0 1
82 N 81 0 1
83 N 82 0 1
84 N 83 0 1
85 N 84 0 1
86 N 85 0 1
87 N 86 0 1
88 N 87 0 1
89 N 88 0 1
90 N 89 0 1
91 N 90 0 1
92 N 91 0 1
93 N 92 0 1
94 N 93 0 1
95 N 94 0 1
96 N 95 0 1
97 N 96 0 1
98 N 97 0 1
99 N 2 2 1
100 L 99
101 N 23 102 1
102 N 4 1 0
103 L 1
104 N 9 1 8
105 N 9 1 106
106 N 7 2 1
107 L 105
108 L 106
109 L 105
110 L 106
111 N 97 4 1
112 N 97 113 1
113 N 22 4 1
114 L 99
115 L 99
116 N 9 99 117
117 N 7 2 99
118 L 2
119 L 116
120 L 99
121 L 117
122 L 2
123 N 7 0 3
124 N 9 3 123
125 L 4
126 L 4
127 L 4
Bdd_store 128
0 F
1 T
2 N 1 0 1
3 N 2 0 1
4 N 3 0 1
5 N 4 0 1
6 N 5 0 1
7 N 6 0 1
8 N 7 0 1
9 N 8 0 1
10 N 9 0 1
11 N 10 0 1
12 N 11 0 1
13 N 12 0 1
14 N 13 0 1
15 N 14 0 1
16 N 15 0 1
17 N 16 0 1
18 N 17 0 1
19 N 18 0 1
20 N 19 0 1
21 N 20 0 1
22 N 21 0 1
23 N 22 0 1
24 N 23 0 1
25 N 24 0 1
26 N 25 0 1
27 N 26 0 1
28 N 27 0 1
29 N 28 0 1
30 N 29 0 1
31 N 30 0 1
32 N 31 0 1
33 N 32 0 1
34 N 33 0 1
35 N 34 0 1
36 N 35 0 1
37 N 36 0 1
38 N 37 0 1
39 N 38 0 1
40 N 39 0 1
41 N 40 0 1
42 N 41 0 1
43 N 42 0 1
44 N 43 0 1
45 N 44 0 1
46 N 45 0 1
47 N 46 0 1
48 N 47 0 1
49 N 48 0 1
50 N 49 0 1
51 N 50 0 1
52 N 51 0 1
53 N 52 0 1
54 N 53 0 1
55 N 54 0 1
56 N 55 0 1
57 N 56 0 1
58 N 57 0 1
59 N 58 0 1
60 N 59 0 1
61 N 60 0 1
62 N 61 0 1
63 N 62 0 1
64 N 63 0 1
65 N 64 0 1
66 N 65 0 1
67 N 66 0 1
68 N 67 0 1
69 N 68 0 1
70 N 69 0 1
71 N 70 0 1
72 N 71 0 1
73 N 72 0 1
74 N 73 0 1
75 N 74 0 1
76 N 75 0 1
77 N 76 0 1
78 N 77 0 1
79 N 78 0 1
80 N 79 0 1
81 N 80 0 1
82 N 81 0 1
83 N 82 0 1
84 N 83 0 1
85 N 84 0 1
86 N 85 0 1
87 N 86 0 1
88 N 87 0 1
89 N 88 0 1
90 N 89 0 1
91 N 90 0 1
92 N 91 0 1
93 N 92 0 1
94 N 93 0 1
95 N 94 0 1
96 N 95 0 1
97 N 96 0 1
98 N 97 0 1
99 N 2 2 1
100 L 99
101 N 23 102 1
102 N 4 1 0
103 L 1
104 N 9 1 8
105 N 9 1 106
106 N 7 2 1
107 L 105
108 L 106
109 L 105
110 L 106
111 N 97 4 1
112 N 97 113 1
113 N 22 4 1
114 L 99
115 L 99
116 N 9 99 117
117 N 7 2 99
118 L 2
119 L 116
120 L 99
121 L 117
122 L 2
123 N 7 0 3
124 N 9 3 123
125 L 4
126 L 4
127 L 4
Bdd_store 128
0 F
1 T
2 N 1 0 1
3 N 2 0 1
4 N 3 0 1
5 N 4 0 1
6 N 5 0 1
7 N 6 0 1
8 N 7 0 1
9 N 8 0 1
10 N 9 0 1
11 N 10 0 1
12 N 11 0 1
13 N 12 0 1
14 N 13 0 1
15 N 14 0 1
16 N 15 0 1
17 N 16 0 1
18 N 17 0 1
19 N 18 0 1
20 N 19 0 1
21 N 20 0 1
22 N 21 0 1
23 N 22 0 1
24 N 23 0 1
25 N 24 0 1
26 N 25 0 1
27 N 26 0 1
28 N 27 0 1
29 N 28 0 1
30 N 29 0 1
31 N 30 0 1
32 N 31 0 1
33 N 32 0 1
34 N 33 0 1
35 N 34 0 1
36 N 35 0 1
37 N 36 0 1
38 N 37 0 1
39 N 38 0 1
40 N 39 0 1
41 N 40 0 1
42 N 41 0 1
43 N 42 0 1
44 N 43 0 1
45 N 44 0 1
46 N 45 0 1
47 N 46 0 1
48 N 47 0 1
49 N 48 0 1
50 N 49 0 1
51 N 50 0 1
52 N 51 0 1
53 N 52 0 1
54 N 53 0 1
55 N 54 0 1
56 N 55 0 1
57 N 56 0 1
58 N 57 0 1
59 N 58 0 1
60 N 59 0 1
61 N 60 0 1
62 N 61 0 1
63 N 62 0 1
64 N 63 0 1
65 N 64 0 1
66 N 65 0 1
67 N 66 0 1
68 N 67 0 1
69 N 68 0 1
70 N 69 0 1
71 N 70 0 1
72 N 71 0 1
73 N 72 0 1
74 N 73 0 1
75 N 74 0 1
76 N 75 0 1
77 N 76 0 1
78 N 77 0 1
79 N 78 0 1
80 N 79 0 1
81 N 80 0 1
82 N 81 0 1
83 N 82 0 1
84 N 83 0 1
85 N 84 0 1
86 N 85 0 1
87 N 86 0 1
88 N 87 0 1
89 N 88 0 1
90 N 89 0 1
91 N 90 0 1
92 N 91 0 1
93 N 92 0 1
94 N 93 0 1
95 N 94 0 1
96 N 95 0 1
97 N 96 0 1
98 N 97 0 1
99 N 2 2 1
100 L 99
101 N 23 102 1
102 N 4 1 0
103 L 1
104 N 9 1 8
105 N 9 1 106
106 N 7 2 1
107 L 105
108 L 106
109 L 105
110 L 106
111 N 97 4 1
112 N 97 113 1
113 N 22 4 1
114 L 99
115 L 99
116 N 9 99 117
117 N 7 2 99
118 L 2
119 L 116
120 L 99
121 L 117
122 L 2
123 N 7 0 3
124 N 9 3 123
125 L 4
126 L 4
127 L 4
Bdd_store 128
0 F
1 T
2 N 1 0 1
3 N 2 0 1
4 N 3 0 1
5 N 4 0 1
6 N 5 0 1
7 N 6 0 1
8 N 7 0 1
9 N 8 0 1
10 N 9 0 1
11 N 10 0 1
12 N 11 0 1
13 N 12 0 1
14 N 13 0 1
15 N 14 0 1
16 N 15 0 1
17 N 16 0 1
18 N 17 0 1
19 N 18 0 1
20 N 19 0 1
21 N 20 0 1
22 N 21 0 1
23 N 22 0 1
24 N 23 0 1
25 N 24 0 1
26 N 25 0 1
27 N 26 0 1
28 N 27 0 1
29 N 28 0 1
30 N 29 0 1
31 N 30 0 1
32 N 31 0 1
33 N 32 0 1
34 N 33 0 1
35 N 34 0 1
36 N 35 0 1
37 N 36 0 1
38 N 37 0 1
39 N 38 0 1
40 N 39 0 1
41 N 40 0 1
42 N 41 0 1
43 N 42 0 1
44 N 43 0 1
45 N 44 0 1
46 N 45 0 1
47 N 46 0 1
48 N 47 0 1
49 N 48 0 1
50 N 49 0 1
51 N 50 0 1
52 N 51 0 1
53 N 52 0 1
54 N 53 0 1
55 N 54 0 1
56 N 55 0 1
57 N 56 0 1
58 N 57 0 1
59 N 58 0 1
60 N 59 0 1
61 N 60 0 1
62 N 61 0 1
63 N 62 0 1
64 N 63 0 1
65 N 64 0 1
66 N 65 0 1
67 N 66 0 1
68 N 67 0 1
69 N 68 0 1
70 N 69 0 1
71 N 70 0 1
72 N 71 0 1
73 N 72 0 1
74 N 73 0 1
75 N 74 0 1
76 N 75 0 1
77 N 76 0 1
78 N 77 0 1
79 N 78 0 1
80 N 79 0 1
81 N 80 0 1
82 N 81 0 1
83 N 82 0 1
84 N 83 0 1
85 N 84 0 1
86 N 85 0 1
87 N 86 0 1
88 N 87 0 1
89 N 88 0 1
90 N 89 0 1
91 N 90 0 1
92 N 91 0 1
93 N 92 0 1
94 N 93 0 1
95 N 94 0 1
96 N 95 0 1
97 N 96 0 1
98 N 97 0 1
99 N 2 2 1
100 L 99
101 N 23 102 1
102 N 4 1 0
103 L 1
104 N 9 1 8
105 N 9 1 106
106 N 7 2 1
107 L 105
108 L 106
109 L 105
110 L 106
111 N 97 4 1
112 N 97 113 1
113 N 22 4 1
114 L 99
115 L 99
116 N 9 99 117
117 N 7 2 99
118 L 2
119 L 116
120 L 99
121 L 117
122 L 2
123 N 7 0 3
124 N 9 3 123
125 L 4
126 L 4
127 L 4
Bdd_store 128
0 F
1 T
2 N 1 0 1
3 N 2 0 1
4 N 3 0 1
5 N 4 0 1
6 N 5 0 1
7 N 6 0 1
8 N 7 0 1
9 N 8 0 1
10 N 9 0 1
11 N 10 0 1
12 N 11 0 1
13 N 12 0 1
14 N 13 0 1
15 N 14 0 1
16 N 15 0 1
17 N 16 0 1
18 N 17 0 1
19 N 18 0 1
20 N 19 0 1
21 N 20 0 1
22 N 21 0 1
23 N 22 0 1
24 N 23 0 1
25 N 24 0 1
26 N 25 0 1
27 N 26 0 1
28 N 27 0 1
29 N 28 0 1
30 N 29 0 1
31 N 30 0 1
32 N 31 0 1
33 N 32 0 1
34 N 33 0 1
35 N 34 0 1
36 N 35 0 1
37 N 36 0 1
38 N 37 0 1
39 N 38 0 1
40 N 39 0 1
41 N 40 0 1
42 N 41 0 1
43 N 42 0 1
44 N 43 0 1
45 N 44 0 1
46 N 45 0 1
47 N 46 0 1
48 N 47 0 1
49 N 48 0 1
50 N 49 0 1
51 N 50 0 1
52 N 51 0 1
53 N 52 0 1
54 N 53 0 1
55 N 54 0 1
56 N 55 0 1
57 N 56 0 1
58 N 57 0 1
59 N 58 0 1
60 N 59 0 1
61 N 60 0 1
62 N 61 0 1
63 N 62 0 1
64 N 63 0 1
65 N 64 0 1
66 N 65 0 1
67 N 66 0 1
68 N 67 0 1
69 N 68 0 1
70 N 69 0 1
71 N 70 0 1
72 N 71 0 1
73 N 72 0 1
74 N 73 0 1
75 N 74 0 1
76 N 75 0 1
77 N 76 0 1
78 N 77 0 1
79 N 78 0 1
80 N 79 0 1
81 N 80 0 1
82 N 81 0 1
83 N 82 0 1
84 N 83 0 1
85 N 84 0 1
86 N 85 0 1
87 N 86 0 1
88 N 87 0 1
89 N 88 0 1
90 N 89 0 1
91 N 90 0 1
92 N 91 0 1
93 N 92 0 1
94 N 93 0 1
95 N 94 0 1
96 N 95 0 1
97 N 96 0 1
98 N 97 0 1
99 N 2 2 1
100 L 99
101 N 23 102 1
102 N 4 1 0
103 L 1
104 N 9 1 8
105 N 9 1 106
106 N 7 2 1
107 L 105
108 L 106
109 L 105
110 L 106
111 N 97 4 1
112 N 97 113 1
113 N 22 4 1
114 L 99
115 L 99
116 N 9 99 117
117 N 7 2 99
118 L 2
119 L 116
120 L 99
121 L 117
122 L 2
123 N 7 0 3
124 N 9 3 123
125 L 4
126 L 4
127 L 4
Bdd_store 128
0 F
1 T
2 N 1 0 1
3 N 2 0 1
4 N 3 0 1
5 N 4 0 1
6 N 5 0 1
7 N 6 0 1
8 N 7 0 1
9 N 8 0 1
10 N 9 0 1
11 N 10 0 1
12 N 11 0 1
13 N 12 0 1
14 N 13 0 1
15 N 14 0 1
16 N 15 0 1
17 N 16 0 1
18 N 17 0 1
19 N 18 0 1
20 N 19 0 1
21 N 20 0 1
22 N 21 0 1
23 N 22 0 1
24 N 23 0 1
25 N 24 0 1
26 N 25 0 1
27 N 26 0 1
28 N 27 0 1
29 N 28 0 1
30 N 29 0 1
31 N 30 0 1
32 N 31 0 1
33 N 32 0 1
34 N 33 0 1
35 N 34 0 1
36 N 35 0 1
37 N 36 0 1
38 N 37 0 1
39 N 38 0 1
40 N 39 0 1
41 N 40 0 1
42 N 41 0 1
43 N 42 0 1
44 N 43 0 1
45 N 44 0 1
46 N 45 0 1
47 N 46 0 1
48 N 47 0 1
49 N 48 0 1
50 N 49 0 1
51 N 50 0 1
52 N 51 0 1
53 N 52 0 1
54 N 53 0 1
55 N 54 0 1
56 N 55 0 1
57 N 56 0 1
58 N 57 0 1
59 N 58 0 1
60 N 59 0 1
61 N 60 0 1
62 N 61 0 1
63 N 62 0 1
64 N 63 0 1
65 N 64 0 1
66 N 65 0 1
67 N 66 0 1
68 N 67 0 1
69 N 68 0 1
70 N 69 0 1
71 N 70 0 1
72 N 71 0 1
73 N 72 0 1
74 N 73 0 1
75 N 74 0 1
76 N 75 0 1
77 N 76 0 1
78 N 77 0 1
79 N 78 0 1
80 N 79 0 1
81 N 80 0 1
82 N 81 0 1
83 N 82 0 1
84 N 83 0 1
85 N 84 0 1
86 N 85 0 1
87 N 86 0 1
88 N 87 0 1
89 N 88 0 1
90 N 89 0 1
91 N 90 0 1
92 N 91 0 1
93 N 92 0 1
94 N 93 0 1
95 N 94 0 1
96 N 95 0 1
97 N 96 0 1
98 N 97 0 1
99 N 2 2 1
100 L 99
101 N 23 102 1
102 N 4 1 0
103 L 1
104 N 9 1 8
105 N 9 1 106
106 N 7 2 1
107 L 105
108 L 106
109 L 105
110 L 106
111 N 97 4 1
112 N 97 113 1
113 N 22 4 1
114 L 99
115 L 99
116 N 9 99 117
117 N 7 2 99
118 L 2
119 L 116
120 L 99
121 L 117
122 L 2
123 N 7 0 3
124 N 9 3 123
125 L 4
126 L 4
127 L 4
Bdd_store 128
0 F
1 T
2 N 1 0 1
3 N 2 0 1
4 N 3 0 1
5 N 4 0 1
6 N 5 0 1
7 N 6 0 1
8 N 7 0 1
9 N 8 0 1
10 N 9 0 1
11 N 10 0 1
12 N 11 0 1
13 N 12 0 1
14 N 13 0 1
15 N 14 0 1
16 N 15 0 1
17 N 16 0 1
18 N 17 0 1
19 N 18 0 1
20 N 19 0 1
21 N 20 0 1
22 N 21 0 1
23 N 22 0 1
24 N 23 0 1
25 N 24 0 1
26 N 25 0 1
27 N 26 0 1
28 N 27 0 1
29 N 28 0 1
30 N 29 0 1
31 N 30 0 1
32 N 31 0 1
33 N 32 0 1
34 N 33 0 1
35 N 34 0 1
36 N 35 0 1
37 N 36 0 1
38 N 37 0 1
39 N 38 0 1
40 N 39 0 1
41 N 40 0 1
42 N 41 0 1
43 N 42 0 1
44 N 43 0 1
45 N 44 0 1
46 N 45 0 1
47 N 46 0 1
48 N 47 0 1
49 N 48 0 1
50 N 49 0 1
51 N 50 0 1
52 N 51 0 1
53 N 52 0 1
54 N 53 0 1
55 N 54 0 1
56 N 55 0 1
57 N 56 0 1
58 N 57 0 1
59 N 58 0 1
60 N 59 0 1
61 N 60 0 1
62 N 61 0 1
63 N 62 0 1
64 N 63 0 1
65 N 64 0 1
66 N 65 0 1
67 N 66 0 1
68 N 67 0 1
69 N 68 0 1
70 N 69 0 1
71 N 70 0 1
72 N 71 0 1
73 N 72 0 1
74 N 73 0 1
75 N 74 0 1
76 N 75 0 1
77 N 76 0 1
78 N 77 0 1
79 N 78 0 1
80 N 79 0 1
81 N 80 0 1
82 N 81 0 1
83 N 82 0 1
84 N 83 0 1
85 N 84 0 1
86 N 85 0 1
87 N 86 0 1
88 N 87 0 1
89 N 88 0 1
90 N 89 0 1
91 N 90 0 1
92 N 91 0 1
93 N 92 0 1
94 N 93 0 1
95 N 94 0 1
96 N 95 0 1
97 N 96 0 1
98 N 97 0 1
99 N 2 2 1
100 L 99
101 N 23 102 1
102 N 4 1 0
103 L 1
104 N 9 1 8
105 N 9 1 106
106 N 7 2 1
107 L 105
108 L 106
109 L 105
110 L 106
111 N 97 4 1
112 N 97 113 1
113 N 22 4 1
114 L 99
115 L 99
116 N 9 99 117
117 N 7 2 99
118 L 2
119 L 116
120 L 99
121 L 117
122 L 2
123 N 7 0 3
124 N 9 3 123
125 L 4
126 L 4
127 L 4
Bdd_store 128
0 F
1 T
2 N 1 0 1
3 N 2 0 1
4 N 3 0 1
5 N 4 0 1
6 N 5 0 1
7 N 6 0 1
8 N 7 0 1
9 N 8 0 1
10 N 9 0 1
11 N 10 0 1
12 N 11 0 1
13 N 12 0 1
14 N 13 0 1
15 N 14 0 1
16 N 15 0 1
17 N 16 0 1
18 N 17 0 1
19 N 18 0 1
20 N 19 0 1
21 N 20 0 1
22 N 21 0 1
23 N 22 0 1
24 N 23 0 1
25 N 24 0 1
26 N 25 0 1
27 N 26 0 1
28 N 27 0 1
29 N 28 0 1
30 N 29 0 1
31 N 30 0 1
32 N 31 0 1
33 N 32 0 1
34 N 33 0 1
35 N 34 0 1
36 N 35 0 1
37 N 36 0 1
38 N 37 0 1
39 N 38 0 1
40 N 39 0 1
41 N 40 0 1
42 N 41 0 1
43 N 42 0 1
44 N 43 0 1
45 N 44 0 1
46 N 45 0 1
47 N 46 0 1
48 N 47 0 1
49 N 48 0 1
50 N 49 0 1
51 N 50 0 1
52 N 51 0 1
53 N 52 0 1
54 N 53 0 1
55 N 54 0 1
56 N 55 0 1
57 N 56 0 1
58 N 57 0 1
59 N 58 0 1
60 N 59 0 1
61 N 60 0 1
62 N 61 0 1
63 N 62 0 1
64 N 63 0 1
65 N 64 0 1
66 N 65 0 1
67 N 66 0 1
68 N 67 0 1
69 N 68 0 1
70 N 69 0 1
71 N 70 0 1
72 N 71 0 1
73 N 72 0 1
74 N 73 0 1
75 N 74 0 1
76 N 75 0 1
77 N 76 0 1
78 N 77 0 1
79 N 78 0 1
80 N 79 0 1
81 N 80 0 1
82 N 81 0 1
83 N 82 0 1
84 N 83 0 1
85 N 84 0 1
86 N 85 0 1
87 N 86 0 1
88 N 87 0 1
89 N 88 0 1
90 N 89 0 1
91 N 90 0 1
92 N 91 0 1
93 N 92 0 1
94 N 93 0 1
95 N 94 0 1
96 N 95 0 1
97 N 96 0 1
98 N 97 0 1
99 N 2 2 1
100 L 99
101 N 23 102 1
102 N 4 1 0
103 L 1
104 N 9 1 8
105 N 9 1 106
106 N 7 2 1
107 L 105
108 L 106
109 L 105
110 L 106
111 N 97 4 1
112 N 97 113 1
113 N 22 4 1
114 L 99
115 L 99
116 N 9 99 117
117 N 7 2 99
118 L 2
119 L 116
120 L 99
121 L 117
122 L 2
123 N 7 0 3
124 N 9 3 123
125 L 4
126 L 4
127 L 4
Bdd_store 128
0 F
1 T
2 N 1 0 1
3 N 2 0 1
4 N 3 0 1
5 N 4 0 1
6 N 5 0 1
7 N 6 0 1
8 N 7 0 1
9 N 8 0 1
10 N 9 0 1
11 N 10 0 1
12 N 11 0 1
13 N 12 0 1
14 N 13 0 1
15 N 14 0 1
16 N 15 0 1
17 N 16 0 1
18 N 17 0 1
19 N 18 0 1
20 N 19 0 1
21 N 20 0 1
22 N 21 0 1
23 N 22 0 1
24 N 23 0 1
25 N 24 0 1
26 N 25 0 1
27 N 26 0 1
28 N 27 0 1
29 N 28 0 1
30 N 29 0 1
31 N 30 0 1
32 N 31 0 1
33 N 32 0 1
34 N 33 0 1
35 N 34 0 1
36 N 35 0 1
37 N 36 0 1
38 N 37 0 1
39 N 38 0 1
40 N 39 0 1
41 N 40 0 1
42 N 41 0 1
43 N 42 0 1
44 N 43 0 1
45 N 44 0 1
46 N 45 0 1
47 N 46 0 1
48 N 47 0 1
49 N 48 0 1
50 N 49 0 1
51 N 50 0 1
52 N 51 0 1
53 N 52 0 1
54 N 53 0 1
55 N 54 0 1
56 N 55 0 1
57 N 56 0 1
58 N 57 0 1
59 N 58 0 1
60 N 59 0 1
61 N 60 0 1
62 N 61 0 1
63 N 62 0 1
64 N 63 0 1
65 N 64 0 1
66 N 65 0 1
67 N 66 0 1
68 N 67 0 1
69 N 68 0 1
70 N 69 0 1
71 N 70 0 1
72 N 71 0 1
73 N 72 0 1
74 N 73 0 1
75 N 74 0 1
76 N 75 0 1
77 N 76 0 1
78 N 77 0 1
79 N 78 0 1
80 N 79 0 1
81 N 80 0 1
82 N 81 0 1
83 N 82 0 1
84 N 83 0 1
85 N 84 0 1
86 N 85 0 1
87 N 86 0 1
88 N 87 0 1
89 N 88 0 1
90 N 89 0 1
91 N 90 0 1
92 N 91 0 1
93 N 92 0 1
94 N 93 0 1
95 N 94 0 1
96 N 95 0 1
97 N 96 0 1
98 N 97 0 1
99 N 2 2 1
100 L 99
101 N 23 102 1
102 N 4 1 0
103 L 1
104 N 9 1 8
105 N 9 1 106
106 N 7 2 1
107 L 105
108 L 106
109 L 105
110 L 106
111 N 97 4 1
112 N 97 113 1
113 N 22 4 1
114 L 99
115 L 99
116 N 9 99 117
117 N 7 2 99
118 L 2
119 L 116
120 L 99
121 L 117
122 L 2
123 N 7 0 3
124 N 9 3 123
125 L 4
126 L 4
127 L 4
Bdd_store 128
0 F
1 T
2 N 1 0 1
3 N 2 0 1
4 N 3 0 1
5 N 4 0 1
6 N 5 0 1
7 N 6 0 1
8 N 7 0 1
9 N 8 0 1
10 N 9 0 1
11 N 10 0 1
12 N 11 0 1
13 N 12 0 1
14 N 13 0 1
15 N 14 0 1
16 N 15 0 1
17 N 16 0 1
18 N 17 0 1
19 N 18 0 1
20 N 19 0 1
21 N 20 0 1
22 N 21 0 1
23 N 22 0 1
24 N 23 0 1
25 N 24 0 1
26 N 25 0 1
27 N 26 0 1
28 N 27 0 1
29 N 28 0 1
30 N 29 0 1
31 N 30 0 1
32 N 31 0 1
33 N 32 0 1
34 N 33 0 1
35 N 34 0 1
36 N 35 0 1
37 N 36 0 1
38 N 37 0 1
39 N 38 0 1
40 N 39 0 1
41 N 40 0 1
42 N 41 0 1
43 N 42 0 1
44 N 43 0 1
45 N 44 0 1
46 N 45 0 1
47 N 46 0 1
48 N 47 0 1
49 N 48 0 1
50 N 49 0 1
51 N 50 0 1
52 N 51 0 1
53 N 52 0 1
54 N 53 0 1
55 N 54 0 1
56 N 55 0 1
57 N 56 0 1
58 N 57 0 1
59 N 58 0 1
60 N 59 0 1
61 N 60 0 1
62 N 61 0 1
63 N 62 0 1
64 N 63 0 1
65 N 64 0 1
66 N 65 0 1
67 N 66 0 1
68 N 67 0 1
69 N 68 0 1
70 N 69 0 1
71 N 70 0 1
72 N 71 0 1
73 N 72 0 1
74 N 73 0 1
75 N 74 0 1
76 N 75 0 1
77 N 76 0 1
78 N 77 0 1
79 N 78 0 1
80 N 79 0 1
81 N 80 0 1
82 N 81 0 1
83 N 82 0 1
84 N 83 0 1
85 N 84 0 1
86 N 85 0 1
87 N 86 0 1
88 N 87 0 1
89 N 88 0 1
90 N 89 0 1
91 N 90 0 1
92 N 91 0 1
93 N 92 0 1
94 N 93 0 1
95 N 94 0 1
96 N 95 0 1
97 N 96 0 1
98 N 97 0 1
99 N 2 2 1
100 L 99
101 N 23 102 1
102 N 4 1 0
103 L 1
104 N 9 1 8
105 N 9 1 106
106 N 7 2 1
107 L 105
108 L 106
109 L 105
110 L 106
111 N 97 4 1
112 N 97 113 1
113 N 22 4 1
114 L 99
115 L 99
116 N 9 99 117
117 N 7 2 99
118 L 2
119 L 116
120 L 99
121 L 117
122 L 2
123 N 7 0 3
124 N 9 3 123
125 L 4
126 L 4
127 L 4
Bdd_store 128
0 F
1 T
2 N 1 0 1
3 N 2 0 1
4 N 3 0 1
5 N 4 0 1
6 N 5 0 1
7 N 6 0 1
8 N 7 0 1
9 N 8 0 1
10 N 9 0 1
11 N 10 0 1
12 N 11 0 1
13 N 12 0 1
14 N 13 0 1
15 N 14 0 1
16 N 15 0 1
17 N 16 0 1
18 N 17 0 1
19 N 18 0 1
20 N 19 0 1
21 N 20 0 1
22 N 21 0 1
23 N 22 0 1
24 N 23 0 1
25 N 24 0 1
26 N 25 0 1
27 N 26 0 1
28 N 27 0 1
29 N 28 0 1
30 N 29 0 1
31 N 30 0 1
32 N 31 0 1
33 N 32 0 1
34 N 33 0 1
35 N 34 0 1
36 N 35 0 1
37 N 36 0 1
38 N 37 0 1
39 N 38 0 1
40 N 39 0 1
41 N 40 0 1
42 N 41 0 1
43 N 42 0 1
44 N 43 0 1
45 N 44 0 1
46 N 45 0 1
47 N 46 0 1
48 N 47 0 1
49 N 48 0 1
50 N 49 0 1
51 N 50 0 1
52 N 51 0 1
53 N 52 0 1
54 N 53 0 1
55 N 54 0 1
56 N 55 0 1
57 N 56 0 1
58 N 57 0 1
59 N 58 0 1
60 N 59 0 1
61 N 60 0 1
62 N 61 0 1
63 N 62 0 1
64 N 63 0 1
65 N 64 0 1
66 N 65 0 1
67 N 66 0 1
68 N 67 0 1
69 N 68 0 1
70 N 69 0 1
71 N 70 0 1
72 N 71 0 1
73 N 72 0 1
74 N 73 0 1
75 N 74 0 1
76 N 75 0 1
77 N 76 0 1
78 N 77 0 1
79 N 78 0 1
80 N 79 0 1
81 N 80 0 1
82 N 81 0 1
83 N 82 0 1
84 N 83 0 1
85 N 84 0 1
86 N 85 0 1
87 N 86 0 1
88 N 87 0 1
89 N 88 0 1
90 N 89 0 1
91 N 90 0 1
92 N 91 0 1
93 N 92 0 1
94 N 93 0 1
95 N 94 0 1
96 N 95 0 1
97 N 96 0 1
98 N 97 0 1
99 N 2 2 1
100 L 99
101 N 23 102 1
102 N 4 1 0
103 L 1
104 N 9 1 8
105 N 9 1 106
106 N 7 2 1
107 L 105
108 L 106
109 L 105
110 L 106
111 N 97 4 1
112 N 97 113 1
113 N 22 4 1
114 L 99
115 L 99
116 N 9 99 117
117 N 7 2 99
118 L 2
119 L 116
120 L 99
121 L 117
122 L 2
123 N 7 0 3
124 N 9 3 123
125 N 97 126 4
126 N 22 127 4
127 P 3 4 4 8
Bdd_store 128
0 F
1 T
2 N 1 0 1
3 N 2 0 1
4 N 3 0 1
5 N 4 0 1
6 N 5 0 1
7 N 6 0 1
8 N 7 0 1
9 N 8 0 1
10 N 9 0 1
11 N 10 0 1
12 N 11 0 1
13 N 12 0 1
14 N 13 0 1
15 N 14 0 1
16 N 15 0 1
17 N 16 0 1
18 N 17 0 1
19 N 18 0 1
20 N 19 0 1
21 N 20 0 1
22 N 21 0 1
23 N 22 0 1
24 N 23 0 1
25 N 24 0 1
26 N 25 0 1
27 N 26 0 1
28 N 27 0 1
29 N 28 0 1
30 N 29 0 1
31 N 30 0 1
32 N 31 0 1
33 N 32 0 1
34 N 33 0 1
35 N 34 0 1
36 N 35 0 1
37 N 36 0 1
38 N 37 0 1
39 N 38 0 1
40 N 39 0 1
41 N 40 0 1
42 N 41 0 1
43 N 42 0 1
44 N 43 0 1
45 N 44 0 1
46 N 45 0 1
47 N 46 0 1
48 N 47 0 1
49 N 48 0 1
50 N 49 0 1
51 N 50 0 1
52 N 51 0 1
53 N 52 0 1
54 N 53 0 1
55 N 54 0 1
56 N 55 0 1
57 N 56 0 1
58 N 57 0 1
59 N 58 0 1
60 N 59 0 1
61 N 60 0 1
62 N 61 0 1
63 N 62 0 1
64 N 63 0 1
65 N 64 0 1
66 N 65 0 1
67 N 66 0 1
68 N 67 0 1
69 N 68 0 1
70 N 69 0 1
71 N 70 0 1
72 N 71 0 1
73 N 72 0 1
74 N 73 0 1
75 N 74 0 1
76 N 75 0 1
77 N 76 0 1
78 N 77 0 1
79 N 78 0 1
80 N 79 0 1
81 N 80 0 1
82 N 81 0 1
83 N 82 0 1
84 N 83 0 1
85 N 84 0 1
86 N 85 0 1
87 N 86 0 1
88 N 87 0 1
89 N 88 0 1
90 N 89 0 1
91 N 90 0 1
92 N 91 0 1
93 N 92 0 1
94 N 93 0 1
95 N 94 0 1
96 N 95 0 1
97 N 96 0 1
98 N 97 0 1
99 N 2 2 1
100 L 99
101 N 23 102 1
102 N 4 1 0
103 L 1
104 N 9 1 8
105 N 9 1 106
106 N 7 2 1
107 L 105
108 L 106
109 L 105
110 L 106
111 N 97 4 1
112 N 97 113 1
113 N 22 4 1
114 L 99
115 L 99
116 N 9 99 117
117 N 7 2 99
118 L 2
119 L 116
120 L 99
121 L 117
122 L 2
123 N 7 0 3
124 N 9 3 123
125 N 97 126 4
126 P 22 113 4 8
127 P 3 4 4 8
Bdd_store 128
0 F
1 T
2 N 1 0 1
3 N 2 0 1
4 N 3 0 1
5 N 4 0 1
6 N 5 0 1
7 N 6 0 1
8 N 7 0 1
9 N 8 0 1
10 N 9 0 1
11 N 10 0 1
12 N 11 0 1
13 N 12 0 1
14 N 13 0 1
15 N 14 0 1
16 N 15 0 1
17 N 16 0 1
18 N 17 0 1
19 N 18 0 1
20 N 19 0 1
21 N 20 0 1
22 N 21 0 1
23 N 22 0 1
24 N 23 0 1
25 N 24 0 1
26 N 25 0 1
27 N 26 0 1
28 N 27 0 1
29 N 28 0 1
30 N 29 0 1
31 N 30 0 1
32 N 31 0 1
33 N 32 0 1
34 N 33 0 1
35 N 34 0 1
36 N 35 0 1
37 N 36 0 1
38 N 37 0 1
39 N 38 0 1
40 N 39 0 1
41 N 40 0 1
42 N 41 0 1
43 N 42 0 1
44 N 43 0 1
45 N 44 0 1
46 N 45 0 1
47 N 46 0 1
48 N 47 0 1
49 N 48 0 1
50 N 49 0 1
51 N 50 0 1
52 N 51 0 1
53 N 52 0 1
54 N 53 0 1
55 N 54 0 1
56 N 55 0 1
57 N 56 0 1
58 N 57 0 1
59 N 58 0 1
60 N 59 0 1
61 N 60 0 1
62 N 61 0 1
63 N 62 0 1
64 N 63 0 1
65 N 64 0 1
66 N 65 0 1
67 N 66 0 1
68 N 67 0 1
69 N 68 0 1
70 N 69 0 1
71 N 70 0 1
72 N 71 0 1
73 N 72 0 1
74 N 73 0 1
75 N 74 0 1
76 N 75 0 1
77 N 76 0 1
78 N 77 0 1
79 N 78 0 1
80 N 79 0 1
81 N 80 0 1
82 N 81 0 1
83 N 82 0 1
84 N 83 0 1
85 N 84 0 1
86 N 85 0 1
87 N 86 0 1
88 N 87 0 1
89 N 88 0 1
90 N 89 0 1
91 N 90 0 1
92 N 91 0 1
93 N 92 0 1
94 N 93 0 1
95 N 94 0 1
96 N 95 0 1
97 N 96 0 1
98 N 97 0 1
99 N 2 2 1
100 L 99
101 N 23 102 1
102 N 4 1 0
103 L 1
104 N 9 1 8
105 N 9 1 106
106 N 7 2 1
107 L 105
108 L 106
109 L 105
110 L 106
111 N 97 4 1
112 N 97 113 1
113 N 22 4 1
114 L 99
115 L 99
116 N 9 99 117
117 N 7 2 99
118 L 2
119 L 116
120 L 99
121 L 117
122 L 2
123 N 7 0 3
124 N 9 3 123
125 P 97 112 4 8
126 P 22 113 4 8
127 P 3 4 4 8
Bdd_store 128
0 F
1 T
2 N 1 0 1
3 N 2 0 1
4 N 3 0 1
5 N 4 0 1
6 N 5 0 1
7 N 6 0 1
8 N 7 0 1
9 N 8 0 1
10 N 9 0 1
11 N 10 0 1
12 N 11 0 1
13 N 12 0 1
14 N 13 0 1
15 N 14 0 1
16 N 15 0 1
17 N 16 0 1
18 N 17 0 1
19 N 18 0 1
20 N 19 0 1
21 N 20 0 1
22 N 21 0 1
23 N 22 0 1
24 N 23 0 1
25 N 24 0 1
26 N 25 0 1
27 N 26 0 1
28 N 27 0 1
29 N 28 0 1
30 N 29 0 1
31 N 30 0 1
32 N 31 0 1
33 N 32 0 1
34 N 33 0 1
35 N 34 0 1
36 N 35 0 1
37 N 36 0 1
38 N 37 0 1
39 N 38 0 1
40 N 39 0 1
41 N 40 0 1
42 N 41 0 1
43 N 42 0 1
44 N 43 0 1
45 N 44 0 1
46 N 45 0 1
47 N 46 0 1
48 N 47 0 1
49 N 48 0 1
50 N 49 0 1
51 N 50 0 1
52 N 51 0 1
53 N 52 0 1
54 N 53 0 1
55 N 54 0 1
56 N 55 0 1
57 N 56 0 1
58 N 57 0 1
59 N 58 0 1
60 N 59 0 1
61 N 60 0 1
62 N 61 0 1
63 N 62 0 1
64 N 63 0 1
65 N 64 0 1
66 N 65 0 1
67 N 66 0 1
68 N 67 0 1
69 N 68 0 1
70 N 69 0 1
71 N 70 0 1
72 N 71 0 1
73 N 72 0 1
74 N 73 0 1
75 N 74 0 1
76 N 75 0 1
77 N 76 0 1
78 N 77 0 1
79 N 78 0 1
80 N 79 0 1
81 N 80 0 1
82 N 81 0 1
83 N 82 0 1
84 N 83 0 1
85 N 84 0 1
86 N 85 0 1
87 N 86 0 1
88 N 87 0 1
89 N 88 0 1
90 N 89 0 1
91 N 90 0 1
92 N 91 0 1
93 N 92 0 1
94 N 93 0 1
95 N 94 0 1
96 N 95 0 1
97 N 96 0 1
98 N 97 0 1
99 N 2 2 1
100 L 99
101 N 23 102 1
102 N 4 1 0
103 L 1
104 N 9 1 8
105 N 9 1 106
106 N 7 2 1
107 L 105
108 L 106
109 L 105
110 L 106
111 N 97 4 1
112 N 97 113 1
113 N 22 4 1
114 L 99
115 L 99
116 N 9 99 117
117 N 7 2 99
118 L 2
119 L 116
120 L 99
121 L 117
122 L 2
123 N 7 0 3
124 N 9 3 123
125 P 97 112 4 8
126 P 22 113 4 8
127 P 3 4 4 8
Bdd_store 128
0 F
1 T
2 N 1 0 1
3 N 2 0 1
4 N 3 0 1
5 N 4 0 1
6 N 5 0 1
7 N 6 0 1
8 N 7 0 1
9 N 8 0 1
10 N 9 0 1
11 N 10 0 1
12 N 11 0 1
13 N 12 0 1
14 N 13 0 1
15 N 14 0 1
16 N 15 0 1
17 N 16 0 1
18 N 17 0 1
19 N 18 0 1
20 N 19 0 1
21 N 20 0 1
22 N 21 0 1
23 N 22 0 1
24 N 23 0 1
25 N 24 0 1
26 N 25 0 1
27 N 26 0 1
28 N 27 0 1
29 N 28 0 1
30 N 29 0 1
31 N 30 0 1
32 N 31 0 1
33 N 32 0 1
34 N 33 0 1
35 N 34 0 1
36 N 35 0 1
37 N 36 0 1
38 N 37 0 1
39 N 38 0 1
40 N 39 0 1
41 N 40 0 1
42 N 41 0 1
43 N 42 0 1
44 N 43 0 1
45 N 44 0 1
46 N 45 0 1
47 N 46 0 1
48 N 47 0 1
49 N 48 0 1
50 N 49 0 1
51 N 50 0 1
52 N 51 0 1
53 N 52 0 1
54 N 53 0 1
55 N 54 0 1
56 N 55 0 1
57 N 56 0 1
58 N 57 0 1
59 N 58 0 1
60 N 59 0 1
61 N 60 0 1
62 N 61 0 1
63 N 62 0 1
64 N 63 0 1
65 N 64 0 1
66 N 65 0 1
67 N 66 0 1
68 N 67 0 1
69 N 68 0 1
70 N 69 0 1
71 N 70 0 1
72 N 71 0 1
73 N 72 0 1
74 N 73 0 1
75 N 74 0 1
76 N 75 0 1
77 N 76 0 1
78 N 77 0 1
79 N 78 0 1
80 N 79 0 1
81 N 80 0 1
82 N 81 0 1
83 N 82 0 1
84 N 83 0 1
85 N 84 0 1
86 N 85 0 1
87 N 86 0 1
88 N 87 0 1
89 N 88 0 1
90 N 89 0 1
91 N 90 0 1
92 N 91 0 1
93 N 92 0 1
94 N 93 0 1
95 N 94 0 1
96 N 95 0 1
97 N 96 0 1
98 N 97 0 1
99 N 2 2 1
100 L 99
101 N 23 102 1
102 N 4 1 0
103 L 1
104 N 9 1 8
105 N 9 1 106
106 N 7 2 1
107 L 105
108 L 106
109 L 105
110 L 106
111 N 97 4 1
112 N 97 113 1
113 N 22 4 1
114 L 99
115 L 99
116 N 9 99 117
117 N 7 2 99
118 L 2
119 L 116
120 L 99
121 L 117
122 L 2
123 N 7 0 3
124 N 9 3 123
125 P 97 112 4 8
126 P 22 113 4 8
127 P 3 4 4 8
Bdd_store 128
0 F
1 T
2 N 1 0 1
3 N 2 0 1
4 N 3 0 1
5 N 4 0 1
6 N 5 0 1
7 N 6 0 1
8 N 7 0 1
9 N 8 0 1
10 N 9 0 1
11 N 10 0 1
12 N 11 0 1
13 N 12 0 1
14 N 13 0 1
15 N 14 0 1
16 N 15 0 1
17 N 16 0 1
18 N 17 0 1
19 N 18 0 1
20 N 19 0 1
21 N 20 0 1
22 N 21 0 1
23 N 22 0 1
24 N 23 0 1
25 N 24 0 1
26 N 25 0 1
27 N 26 0 1
28 N 27 0 1
29 N 28 0 1
30 N 29 0 1
31 N 30 0 1
32 N 31 0 1
33 N 32 0 1
34 N 33 0 1
35 N 34 0 1
36 N 35 0 1
37 N 36 0 1
38 N 37 0 1
39 N 38 0 1
40 N 39 0 1
41 N 40 0 1
42 N 41 0 1
43 N 42 0 1
44 N 43 0 1
45 N 44 0 1
46 N 45 0 1
47 N 46 0 1
48 N 47 0 1
49 N 48 0 1
50 N 49 0 1
51 N 50 0 1
52 N 51 0 1
53 N 52 0 1
54 N 53 0 1
55 N 54 0 1
56 N 55 0 1
57 N 56 0 1
58 N 57 0 1
59 N 58 0 1
60 N 59 0 1
61 N 60 0 1
62 N 61 0 1
63 N 62 0 1
64 N 63 0 1
65 N 64 0 1
66 N 65 0 1
67 N 66 0 1
68 N 67 0 1
69 N 68 0 1
70 N 69 0 1
71 N 70 0 1
72 N 71 0 1
73 N 72 0 1
74 N 73 0 1
75 N 74 0 1
76 N 75 0 1
77 N 76 0 1
78 N 77 0 1
79 N 78 0 1
80 N 79 0 1
81 N 80 0 1
82 N 81 0 1
83 N 82 0 1
84 N 83 0 1
85 N 84 0 1
86 N 85 0 1
87 N 86 0 1
88 N 87 0 1
89 N 88 0 1
90 N 89 0 1
91 N 90 0 1
92 N 91 0 1
93 N 92 0 1
94 N 93 0 1
95 N 94 0 1
96 N 95 0 1
97 N 96 0 1
98 N 97 0 1
99 N 2 2 1
100 L 99
101 N 23 102 1
102 N 4 1 0
103 L 1
104 N 9 1 8
105 N 9 1 106
106 N 7 2 1
107 L 105
108 L 106
109 L 105
110 L 106
111 N 97 4 1
112 N 97 113 1
113 N 22 4 1
114 L 99
115 L 99
116 N 9 99 117
117 N 7 2 99
118 L 2
119 L 116
120 L 99
121 L 117
122 L 2
123 N 7 0 3
124 N 9 3 123
125 P 97 112 4 8
126 P 22 113 4 8
127 P 3 4 4 8
Bdd_store 128
0 F
1 T
2 N 1 0 1
3 N 2 0 1
4 N 3 0 1
5 N 4 0 1
6 N 5 0 1
7 N 6 0 1
8 N 7 0 1
9 N 8 0 1
10 N 9 0 1
11 N 10 0 1
12 N 11 0 1
13 N 12 0 1
14 N 13 0 1
15 N 14 0 1
16 N 15 0 1
17 N 16 0 1
18 N 17 0 1
19 N 18 0 1
20 N 19 0 1
21 N 20 0 1
22 N 21 0 1
23 N 22 0 1
24 N 23 0 1
25 N 24 0 1
26 N 25 0 1
27 N 26 0 1
28 N 27 0 1
29 N 28 0 1
30 N 29 0 1
31 N 30 0 1
32 N 31 0 1
33 N 32 0 1
34 N 33 0 1
35 N 34 0 1
36 N 35 0 1
37 N 36 0 1
38 N 37 0 1
39 N 38 0 1
40 N 39 0 1
41 N 40 0 1
42 N 41 0 1
43 N 42 0 1
44 N 43 0 1
45 N 44 0 1
46 N 45 0 1
47 N 46 0 1
48 N 47 0 1
49 N 48 0 1
50 N 49 0 1
51 N 50 0 1
52 N 51 0 1
53 N 52 0 1
54 N 53 0 1
55 N 54 0 1
56 N 55 0 1
57 N 56 0 1
58 N 57 0 1
59 N 58 0 1
60 N 59 0 1
61 N 60 0 1
62 N 61 0 1
63 N 62 0 1
64 N 63 0 1
65 N 64 0 1
66 N 65 0 1
67 N 66 0 1
68 N 67 0 1
69 N 68 0 1
70 N 69 0 1
71 N 70 0 1
72 N 71 0 1
73 N 72 0 1
74 N 73 0 1
75 N 74 0 1
76 N 75 0 1
77 N 76 0 1
78 N 77 0 1
79 N 78 0 1
80 N 79 0 1
81 N 80 0 1
82 N 81 0 1
83 N 82 0 1
84 N 83 0 1
85 N 84 0 1
86 N 85 0 1
87 N 86 0 1
88 N 87 0 1
89 N 88 0 1
90 N 89 0 1
91 N 90 0 1
92 N 91 0 1
93 N 92 0 1
94 N 93 0 1
95 N 94 0 1
96 N 95 0 1
97 N 96 0 1
98 N 97 0 1
99 N 2 2 1
100 L 99
101 N 23 102 1
102 N 4 1 0
103 L 1
104 N 9 1 8
105 N 9 1 106
106 N 7 2 1
107 L 105
108 L 106
109 L 105
110 L 106
111 N 97 4 1
112 N 97 113 1
113 N 22 4 1
114 L 99
115 L 99
116 N 9 99 117
117 N 7 2 99
118 L 2
119 L 116
120 L 99
121 L 117
122 L 2
123 N 7 0 3
124 N 9 3 123
125 P 97 112 4 8
126 P 22 113 4 8
127 P 3 4 4 8
Bdd_store 128
0 F
1 T
2 N 1 0 1
3 N 2 0 1
4 N 3 0 1
5 N 4 0 1
6 N 5 0 1
7 N 6 0 1
8 N 7 0 1
9 N 8 0 1
10 N 9 0 1
11 N 10 0 1
12 N 11 0 1
13 N 12 0 1
14 N 13 0 1
15 N 14 0 1
16 N 15 0 1
17 N 16 0 1
18 N 17 0 1
19 N 18 0 1
20 N 19 0 1
21 N 20 0 1
22 N 21 0 1
23 N 22 0 1
24 N 23 0 1
25 N 24 0 1
26 N 25 0 1
27 N 26 0 1
28 N 27 0 1
29 N 28 0 1
30 N 29 0 1
31 N 30 0 1
32 N 31 0 1
33 N 32 0 1
34 N 33 0 1
35 N 34 0 1
36 N 35 0 1
37 N 36 0 1
38 N 37 0 1
39 N 38 0 1
40 N 39 0 1
41 N 40 0 1
42 N 41 0 1
43 N 42 0 1
44 N 43 0 1
45 N 44 0 1
46 N 45 0 1
47 N 46 0 1
48 N 47 0 1
49 N 48 0 1
50 N 49 0 1
51 N 50 0 1
52 N 51 0 1
53 N 52 0 1
54 N 53 0 1
55 N 54 0 1
56 N 55 0 1
57 N 56 0 1
58 N 57 0 1
59 N 58 0 1
60 N 59 0 1
61 N 60 0 1
62 N 61 0 1
63 N 62 0 1
64 N 63 0 1
65 N 64 0 1
66 N 65 0 1
67 N 66 0 1
68 N 67 0 1
69 N 68 0 1
70 N 69 0 1
71 N 70 0 1
72 N 71 0 1
73 N 72 0 1
74 N 73 0 1
75 N 74 0 1
76 N 75 0 1
77 N 76 0 1
78 N 77 0 1
79 N 78 0 1
80 N 79 0 1
81 N 80 0 1
82 N 81 0 1
83 N 82 0 1
84 N 83 0 1
85 N 84 0 1
86 N 85 0 1
87 N 86 0 1
88 N 87 0 1
89 N 88 0 1
90 N 89 0 1
91 N 90 0 1
92 N 91 0 1
93 N 92 0 1
94 N 93 0 1
95 N 94 0 1
96 N 95 0 1
97 N 96 0 1
98 N 97 0 1
99 N 2 2 1
100 L 99
101 N 23 102 1
102 N 4 1 0
103 L 1
104 N 9 1 8
105 N 9 1 106
106 N 7 2 1
107 L 105
108 L 106
109 L 105
110 L 106
111 N 97 4 1
112 N 97 113 1
113 N 22 4 1
114 L 99
115 L 99
116 N 9 99 117
117 N 7 2 99
118 L 2
119 L 116
120 L 99
121 L 117
122 L 2
123 N 7 0 3
124 N 9 3 123
125 P 97 112 4 8
126 P 22 113 4 8
127 P 3 4 4 8
Bdd_store 128
0 F
1 T
2 N 1 0 1
3 N 2 0 1
4 N 3 0 1
5 N 4 0 1
6 N 5 0 1
7 N 6 0 1
8 N 7 0 1
9 N 8 0 1
10 N 9 0 1
11 N 10 0 1
12 N 11 0 1
13 N 12 0 1
14 N 13 0 1
15 N 14 0 1
16 N 15 0 1
17 N 16 0 1
18 N 17 0 1
19 N 18 0 1
20 N 19 0 1
21 N 20 0 1
22 N 21 0 1
23 N 22 0 1
24 N 23 0 1
25 N 24 0 1
26 N 25 0 1
27 N 26 0 1
28 N 27 0 1
29 N 28 0 1
30 N 29 0 1
31 N 30 0 1
32 N 31 0 1
33 N 32 0 1
34 N 33 0 1
35 N 34 0 1
36 N 35 0 1
37 N 36 0 1
38 N 37 0 1
39 N 38 0 1
40 N 39 0 1
41 N 40 0 1
42 N 41 0 1
43 N 42 0 1
44 N 43 0 1
45 N 44 0 1
46 N 45 0 1
47 N 46 0 1
48 N 47 0 1
49 N 48 0 1
50 N 49 0 1
51 N 50 0 1
52 N 51 0 1
53 N 52 0 1
54 N 53 0 1
55 N 54 0 1
56 N 55 0 1
57 N 56 0 1
58 N 57 0 1
59 N 58 0 1
60 N 59 0 1
61 N 60 0 1
62 N 61 0 1
63 N 62 0 1
64 N 63 0 1
65 N 64 0 1
66 N 65 0 1
67 N 66 0 1
68 N 67 0 1
69 N 68 0 1
70 N 69 0 1
71 N 70 0 1
72 N 71 0 1
73 N 72 0 1
74 N 73 0 1
75 N 74 0 1
76 N 75 0 1
77 N 76 0 1
78 N 77 0 1
79 N 78 0 1
80 N 79 0 1
81 N 80 0 1
82 N 81 0 1
83 N 82 0 1
84 N 83 0 1
85 N 84 0 1
86 N 85 0 1
87 N 86 0 1
88 N 87 0 1
89 N 88 0 1
90 N 89 0 1
91 N 90 0 1
92 N 91 0 1
93 N 92 0 1
94 N 93 0 1
95 N 94 0 1
96 N 95 0 1
97 N 96 0 1
98 N 97 0 1
99 N 2 2 1
100 L 99
101 N 23 102 1
102 N 4 1 0
103 L 1
104 N 9 1 8
105 N 9 1 106
106 N 7 2 1
107 L 105
108 L 106
109 L 105
110 L 106
111 N 97 4 1
112 N 97 113 1
113 N 22 4 1
114 L 99
115 L 99
116 N 9 99 117
117 N 7 2 99
118 L 2
119 L 116
120 L 99
121 L 117
122 L 2
123 N 7 0 3
124 N 9 3 123
125 P 97 112 4 8
126 P 22 113 4 8
127 P 3 4 4 8
Bdd_store 128
0 F
1 T
2 N 1 0 1
3 N 2 0 1
4 N 3 0 1
5 N 4 0 1
6 N 5 0 1
7 N 6 0 1
8 N 7 0 1
9 N 8 0 1
10 N 9 0 1
11 N 10 0 1
12 N 11 0 1
13 N 12 0 1
14 N 13 0 1
15 N 14 0 1
16 N 15 0 1
17 N 16 0 1
18 N 17 0 1
19 N 18 0 1
20 N 19 0 1
21 N 20 0 1
22 N 21 0 1
23 N 22 0 1
24 N 23 0 1
25 N 24 0 1
26 N 25 0 1
27 N 26 0 1
28 N 27 0 1
29 N 28 0 1
30 N 29 0 1
31 N 30 0 1
32 N 31 0 1
33 N 32 0 1
34 N 33 0 1
35 N 34 0 1
36 N 35 0 1
37 N 36 0 1
38 N 37 0 1
39 N 38 0 1
40 N 39 0 1
41 N 40 0 1
42 N 41 0 1
43 N 42 0 1
44 N 43 0 1
45 N 44 0 1
46 N 45 0 1
47 N 46 0 1
48 N 47 0 1
49 N 48 0 1
50 N 49 0 1
51 N 50 0 1
52 N 51 0 1
53 N 52 0 1
54 N 53 0 1
55 N 54 0 1
56 N 55 0 1
57 N 56 0 1
58 N 57 0 1
59 N 58 0 1
60 N 59 0 1
61 N 60 0 1
62 N 61 0 1
63 N 62 0 1
64 N 63 0 1
65 N 64 0 1
66 N 65 0 1
67 N 66 0 1
68 N 67 0 1
69 N 68 0 1
70 N 69 0 1
71 N 70 0 1
72 N 71 0 1
73 N 72 0 1
74 N 73 0 1
75 N 74 0 1
76 N 75 0 1
77 N 76 0 1
78 N 77 0 1
79 N 78 0 1
80 N 79 0 1
81 N 80 0 1
82 N 81 0 1
83 N 82 0 1
84 N 83 0 1
85 N 84 0 1
86 N 85 0 1
87 N 86 0 1
88 N 87 0 1
89 N 88 0 1
90 N 89 0 1
91 N 90 0 1
92 N 91 0 1
93 N 92 0 1
94 N 93 0 1
95 N 94 0 1
96 N 95 0 1
97 N 96 0 1
98 N 97 0 1
99 N 2 2 1
100 L 99
101 N 23 102 1
102 N 4 1 0
103 L 1
104 N 9 1 8
105 N 9 1 106
106 N 7 2 1
107 L 105
108 L 106
109 L 105
110 L 106
111 N 97 4 1
112 N 97 113 1
113 N 22 4 1
114 L 99
115 L 99
116 N 9 99 117
117 N 7 2 99
118 L 2
119 L 116
120 L 99
121 L 117
122 L 2
123 N 7 0 3
124 N 9 3 123
125 P 97 112 4 8
126 P 22 113 4 8
127 P 3 4 4 8
Bdd_store 128
0 F
1 T
2 N 1 0 1
3 N 2 0 1
4 N 3 0 1
5 N 4 0 1
6 N 5 0 1
7 N 6 0 1
8 N 7 0 1
9 N 8 0 1
10 N 9 0 1
11 N 10 0 1
12 N 11 0 1
13 N 12 0 1
14 N 13 0 1
15 N 14 0 1
16 N 15 0 1
17 N 16 0 1
18 N 17 0 1
19 N 18 0 1
20 N 19 0 1
21 N 20 0 1
22 N 21 0 1
23 N 22 0 1
24 N 23 0 1
25 N 24 0 1
26 N 25 0 1
27 N 26 0 1
28 N 27 0 1
29 N 28 0 1
30 N 29 0 1
31 N 30 0 1
32 N 31 0 1
33 N 32 0 1
34 N 33 0 1
35 N 34 0 1
36 N 35 0 1
37 N 36 0 1
38 N 37 0 1
39 N 38 0 1
40 N 39 0 1
41 N 40 0 1
42 N 41 0 1
43 N 42 0 1
44 N 43 0 1
45 N 44 0 1
46 N 45 0 1
47 N 46 0 1
48 N 47 0 1
49 N 48 0 1
50 N 49 0 1
51 N 50 0 1
52 N 51 0 1
53 N 52 0 1
54 N 53 0 1
55 N 54 0 1
56 N 55 0 1
57 N 56 0 1
58 N 57 0 1
59 N 58 0 1
60 N 59 0 1
61 N 60 0 1
62 N 61 0 1
63 N 62 0 1
64 N 63 0 1
65 N 64 0 1
66 N 65 0 1
67 N 66 0 1
68 N 67 0 1
69 N 68 0 1
70 N 69 0 1
71 N 70 0 1
72 N 71 0 1
73 N 72 0 1
74 N 73 0 1
75 N 74 0 1
76 N 75 0 1
77 N 76 0 1
78 N 77 0 1
79 N 78 0 1
80 N 79 0 1
81 N 80 0 1
82 N 81 0 1
83 N 82 0 1
84 N 83 0 1
85 N 84 0 1
86 N 85 0 1
87 N 86 0 1
88 N 87 0 1
89 N 88 0 1
90 N 89 0 1
91 N 90 0 1
92 N 91 0 1
93 N 92 0 1
94 N 93 0 1
95 N 94 0 1
96 N 95 0 1
97 N 96 0 1
98 N 97 0 1
99 N 2 2 1
100 L 99
101 N 23 102 1
102 N 4 1 0
103 L 1
104 N 9 1 8
105 N 9 1 106
106 N 7 2 1
107 L 105
108 L 106
109 L 105
110 L 106
111 N 97 4 1
112 N 97 113 1
113 N 22 4 1
114 L 99
115 L 99
116 N 9 99 117
117 N 7 2 99
118 L 2
119 N 9 120 121
120 N 2 123 1
121 N 7 122 120
122 N 2 123 2
123 P 1 2 2 8
124 N 9 3 123
125 P 97 112 4 8
126 P 22 113 4 8
127 P 3 4 4 8
Bdd_store 128
0 F
1 T
2 N 1 0 1
3 N 2 0 1
4 N 3 0 1
5 N 4 0 1
6 N 5 0 1
7 N 6 0 1
8 N 7 0 1
9 N 8 0 1
10 N 9 0 1
11 N 10 0 1
12 N 11 0 1
13 N 12 0 1
14 N 13 0 1
15 N 14 0 1
16 N 15 0 1
17 N 16 0 1
18 N 17 0 1
19 N 18 0 1
20 N 19 0 1
21 N 20 0 1
22 N 21 0 1
23 N 22 0 1
24 N 23 0 1
25 N 24 0 1
26 N 25 0 1
27 N 26 0 1
28 N 27 0 1
29 N 28 0 1
30 N 29 0 1
31 N 30 0 1
32 N 31 0 1
33 N 32 0 1
34 N 33 0 1
35 N 34 0 1
36 N 35 0 1
37 N 36 0 1
38 N 37 0 1
39 N 38 0 1
40 N 39 0 1
41 N 40 0 1
42 N 41 0 1
43 N 42 0 1
44 N 43 0 1
45 N 44 0 1
46 N 45 0 1
47 N 46 0 1
48 N 47 0 1
49 N 48 0 1
50 N 49 0 1
51 N 50 0 1
52 N 51 0 1
53 N 52 0 1
54 N 53 0 1
55 N 54 0 1
56 N 55 0 1
57 N 56 0 1
58 N 57 0 1
59 N 58 0 1
60 N 59 0 1
61 N 60 0 1
62 N 61 0 1
63 N 62 0 1
64 N 63 0 1
65 N 64 0 1
66 N 65 0 1
67 N 66 0 1
68 N 67 0 1
69 N 68 0 1
70 N 69 0 1
71 N 70 0 1
72 N 71 0 1
73 N 72 0 1
74 N 73 0 1
75 N 74 0 1
76 N 75 0 1
77 N 76 0 1
78 N 77 0 1
79 N 78 0 1
80 N 79 0 1
81 N 80 0 1
82 N 81 0 1
83 N 82 0 1
84 N 83 0 1
85 N 84 0 1
86 N 85 0 1
87 N 86 0 1
88 N 87 0 1
89 N 88 0 1
90 N 89 0 1
91 N 90 0 1
92 N 91 0 1
93 N 92 0 1
94 N 93 0 1
95 N 94 0 1
96 N 95 0 1
97 N 96 0 1
98 N 97 0 1
99 N 2 2 1
100 L 99
101 N 23 102 1
102 N 4 1 0
103 L 1
104 N 9 1 8
105 N 9 1 106
106 N 7 2 1
107 L 105
108 L 106
109 L 105
110 L 106
111 N 97 4 1
112 N 97 113 1
113 N 22 4 1
114 L 99
115 L 99
116 N 9 99 117
117 N 7 2 99
118 L 2
119 N 9 120 121
120 P 2 99 99 8
121 N 7 122 120
122 P 2 2 99 8
123 P 1 2 2 8
124 N 9 3 123
125 P 97 112 4 8
126 P 22 113 4 8
127 P 3 4 4 8
Bdd_store 128
0 F
1 T
2 N 1 0 1
3 N 2 0 1
4 N 3 0 1
5 N 4 0 1
6 N 5 0 1
7 N 6 0 1
8 N 7 0 1
9 N 8 0 1
10 N 9 0 1
11 N 10 0 1
12 N 11 0 1
13 N 12 0 1
14 N 13 0 1
15 N 14 0 1
16 N 15 0 1
17 N 16 0 1
18 N 17 0 1
19 N 18 0 1
20 N 19 0 1
21 N 20 0 1
22 N 21 0 1
23 N 22 0 1
24 N 23 0 1
25 N 24 0 1
26 N 25 0 1
27 N 26 0 1
28 N 27 0 1
29 N 28 0 1
30 N 29 0 1
31 N 30 0 1
32 N 31 0 1
33 N 32 0 1
34 N 33 0 1
35 N 34 0 1
36 N 35 0 1
37 N 36 0 1
38 N 37 0 1
39 N 38 0 1
40 N 39 0 1
41 N 40 0 1
42 N 41 0 1
43 N 42 0 1
44 N 43 0 1
45 N 44 0 1
46 N 45 0 1
47 N 46 0 1
48 N 47 0 1
49 N 48 0 1
50 N 49 0 1
51 N 50 0 1
52 N 51 0 1
53 N 52 0 1
54 N 53 0 1
55 N 54 0 1
56 N 55 0 1
57 N 56 0 1
58 N 57 0 1
59 N 58 0 1
60 N 59 0 1
61 N 60 0 1
62 N 61 0 1
63 N 62 0 1
64 N 63 0 1
65 N 64 0 1
66 N 65 0 1
67 N 66 0 1
68 N 67 0 1
69 N 68 0 1
70 N 69 0 1
71 N 70 0 1
72 N 71 0 1
73 N 72 0 1
74 N 73 0 1
75 N 74 0 1
76 N 75 0 1
77 N 76 0 1
78 N 77 0 1
79 N 78 0 1
80 N 79 0 1
81 N 80 0 1
82 N 81 0 1
83 N 82 0 1
84 N 83 0 1
85 N 84 0 1
86 N 85 0 1
87 N 86 0 1
88 N 87 0 1
89 N 88 0 1
90 N 89 0 1
91 N 90 0 1
92 N 91 0 1
93 N 92 0 1
94 N 93 0 1
95 N 94 0 1
96 N 95 0 1
97 N 96 0 1
98 N 97 0 1
99 N 2 2 1
100 L 99
101 N 23 102 1
102 N 4 1 0
103 L 1
104 N 9 1 8
105 N 9 1 106
106 N 7 2 1
107 L 105
108 L 106
109 L 105
110 L 106
111 N 97 4 1
112 N 97 113 1
113 N 22 4 1
114 L 99
115 L 99
116 N 9 99 117
117 N 7 2 99
118 L 2
119 N 9 120 121
120 P 2 99 99 8
121 P 7 117 99 8
122 P 2 2 99 8
123 P 1 2 2 8
124 N 9 3 123
125 P 97 112 4 8
126 P 22 113 4 8
127 P 3 4 4 8
Bdd_store 128
0 F
1 T
2 N 1 0 1
3 N 2 0 1
4 N 3 0 1
5 N 4 0 1
6 N 5 0 1
7 N 6 0 1
8 N 7 0 1
9 N 8 0 1
10 N 9 0 1
11 N 10 0 1
12 N 11 0 1
13 N 12 0 1
14 N 13 0 1
15 N 14 0 1
16 N 15 0 1
17 N 16 0 1
18 N 17 0 1
19 N 18 0 1
20 N 19 0 1
21 N 20 0 1
22 N 21 0 1
23 N 22 0 1
24 N 23 0 1
25 N 24 0 1
26 N 25 0 1
27 N 26 0 1
28 N 27 0 1
29 N 28 0 1
30 N 29 0 1
31 N 30 0 1
32 N 31 0 1
33 N 32 0 1
34 N 33 0 1
35 N 34 0 1
36 N 35 0 1
37 N 36 0 1
38 N 37 0 1
39 N 38 0 1
40 N 39 0 1
41 N 40 0 1
42 N 41 0 1
43 N 42 0 1
44 N 43 0 1
45 N 44 0 1
46 N 45 0 1
47 N 46 0 1
48 N 47 0 1
49 N 48 0 1
50 N 49 0 1
51 N 50 0 1
52 N 51 0 1
53 N 52 0 1
54 N 53 0 1
55 N 54 0 1
56 N 55 0 1
57 N 56 0 1
58 N 57 0 1
59 N 58 0 1
60 N 59 0 1
61 N 60 0 1
62 N 61 0 1
63 N 62 0 1
64 N 63 0 1
65 N 64 0 1
66 N 65 0 1
67 N 66 0 1
68 N 67 0 1
69 N 68 0 1
70 N 69 0 1
71 N 70 0 1
72 N 71 0 1
73 N 72 0 1
74 N 73 0 1
75 N 74 0 1
76 N 75 0 1
77 N 76 0 1
78 N 77 0 1
79 N 78 0 1
80 N 79 0 1
81 N 80 0 1
82 N 81 0 1
83 N 82 0 1
84 N 83 0 1
85 N 84 0 1
86 N 85 0 1
87 N 86 0 1
88 N 87 0 1
89 N 88 0 1
90 N 89 0 1
91 N 90 0 1
92 N 91 0 1
93 N 92 0 1
94 N 93 0 1
95 N 94 0 1
96 N 95 0 1
97 N 96 0 1
98 N 97 0 1
99 N 2 2 1
100 L 99
101 N 23 102 1
102 N 4 1 0
103 L 1
104 N 9 1 8
105 N 9 1 106
106 N 7 2 1
107 L 105
108 L 106
109 L 105
110 L 106
111 N 97 4 1
112 N 97 113 1
113 N 22 4 1
114 L 99
115 L 99
116 N 9 99 117
117 N 7 2 99
118 L 2
119 P 9 116 99 8
120 P 2 99 99 8
121 P 7 117 99 8
122 P 2 2 99 8
123 P 1 2 2 8
124 N 9 3 123
125 P 97 112 4 8
126 P 22 113 4 8
127 P 3 4 4 8
Bdd_store 128
0 F
1 T
2 N 1 0 1
3 N 2 0 1
4 N 3 0 1
5 N 4 0 1
6 N 5 0 1
7 N 6 0 1
8 N 7 0 1
9 N 8 0 1
10 N 9 0 1
11 N 10 0 1
12 N 11 0 1
13 N 12 0 1
14 N 13 0 1
15 N 14 0 1
16 N 15 0 1
17 N 16 0 1
18 N 17 0 1
19 N 18 0 1
20 N 19 0 1
21 N 20 0 1
22 N 21 0 1
23 N 22 0 1
24 N 23 0 1
25 N 24 0 1
26 N 25 0 1
27 N 26 0 1
28 N 27 0 1
29 N 28 0 1
30 N 29 0 1
31 N 30 0 1
32 N 31 0 1
33 N 32 0 1
34 N 33 0 1
35 N 34 0 1
36 N 35 0 1
37 N 36 0 1
38 N 37 0 1
39 N 38 0 1
40 N 39 0 1
41 N 40 0 1
42 N 41 0 1
43 N 42 0 1
44 N 43 0 1
45 N 44 0 1
46 N 45 0 1
47 N 46 0 1
48 N 47 0 1
49 N 48 0 1
50 N 49 0 1
51 N 50 0 1
52 N 51 0 1
53 N 52 0 1
54 N 53 0 1
55 N 54 0 1
56 N 55 0 1
57 N 56 0 1
58 N 57 0 1
59 N 58 0 1
60 N 59 0 1
61 N 60 0 1
62 N 61 0 1
63 N 62 0 1
64 N 63 0 1
65 N 64 0 1
66 N 65 0 1
67 N 66 0 1
68 N 67 0 1
69 N 68 0 1
70 N 69 0 1
71 N 70 0 1
72 N 71 0 1
73 N 72 0 1
74 N 73 0 1
75 N 74 0 1
76 N 75 0 1
77 N 76 0 1
78 N 77 0 1
79 N 78 0 1
80 N 79 0 1
81 N 80 0 1
82 N 81 0 1
83 N 82 0 1
84 N 83 0 1
85 N 84 0 1
86 N 85 0 1
87 N 86 0 1
88 N 87 0 1
89 N 88 0 1
90 N 89 0 1
91 N 90 0 1
92 N 91 0 1
93 N 92 0 1
94 N 93 0 1
95 N 94 0 1
96 N 95 0 1
97 N 96 0 1
98 N 97 0 1
99 N 2 2 1
100 L 99
101 N 23 102 1
102 N 4 1 0
103 L 1
104 N 9 1 8
105 N 9 1 106
106 N 7 2 1
107 L 105
108 L 106
109 L 105
110 L 106
111 N 97 4 1
112 N 97 113 1
113 N 22 4 1
114 L 99
115 L 99
116 N 9 99 117
117 N 7 2 99
118 L 2
119 L 2
120 P 2 99 99 8
121 P 7 117 99 8
122 P 2 2 99 8
123 P 1 2 2 8
124 N 9 3 123
125 P 97 112 4 8
126 P 22 113 4 8
127 P 3 4 4 8
Bdd_store 128
0 F
1 T
2 N 1 0 1
3 N 2 0 1
4 N 3 0 1
5 N 4 0 1
6 N 5 0 1
7 N 6 0 1
8 N 7 0 1
9 N 8 0 1
10 N 9 0 1
11 N 10 0 1
12 N 11 0 1
13 N 12 0 1
14 N 13 0 1
15 N 14 0 1
16 N 15 0 1
17 N 16 0 1
18 N 17 0 1
19 N 18 0 1
20 N 19 0 1
21 N 20 0 1
22 N 21 0 1
23 N 22 0 1
24 N 23 0 1
25 N 24 0 1
26 N 25 0 1
27 N 26 0 1
28 N 27 0 1
29 N 28 0 1
30 N 29 0 1
31 N 30 0 1
32 N 31 0 1
33 N 32 0 1
34 N 33 0 1
35 N 34 0 1
36 N 35 0 1
37 N 36 0 1
38 N 37 0 1
39 N 38 0 1
40 N 39 0 1
41 N 40 0 1
42 N 41 0 1
43 N 42 0 1
44 N 43 0 1
45 N 44 0 1
46 N 45 0 1
47 N 46 0 1
48 N 47 0 1
49 N 48 0 1
50 N 49 0 1
51 N 50 0 1
52 N 51 0 1
53 N 52 0 1
54 N 53 0 1
55 N 54 0 1
56 N 55 0 1
57 N 56 0 1
58 N 57 0 1
59 N 58 0 1
60 N 59 0 1
61 N 60 0 1
62 N 61 0 1
63 N 62 0 1
64 N 63 0 1
65 N 64 0 1
66 N 65 0 1
67 N 66 0 1
68 N 67 0 1
69 N 68 0 1
70 N 69 0 1
71 N 70 0 1
72 N 71 0 1
73 N 72 0 1
74 N 73 0 1
75 N 74 0 1
76 N 75 0 1
77 N 76 0 1
78 N 77 0 1
79 N 78 0 1
80 N 79 0 1
81 N 80 0 1
82 N 81 0 1
83 N 82 0 1
84 N 83 0 1
85 N 84 0 1
86 N 85 0 1
87 N 86 0 1
88 N 87 0 1
89 N 88 0 1
90 N 89 0 1
91 N 90 0 1
92 N 91 0 1
93 N 92 0 1
94 N 93 0 1
95 N 94 0 1
96 N 95 0 1
97 N 96 0 1
98 N 97 0 1
99 N 2 2 1
100 L 99
101 N 23 102 1
102 N 4 1 0
103 L 1
104 N 9 1 8
105 N 9 1 106
106 N 7 2 1
107 L 105
108 L 106
109 L 105
110 L 106
111 N 97 4 1
112 N 97 113 1
113 N 22 4 1
114 L 99
115 L 99
116 N 9 99 117
117 N 7 118 99
118 N 2 119 2
119 P 1 2 2 8
120 P 2 99 99 8
121 P 7 117 99 8
122 P 2 2 99 8
123 P 1 2 2 8
124 N 9 3 123
125 P 97 112 4 8
126 P 22 113 4 8
127 P 3 4 4 8
Bdd_store 128
0 F
1 T
2 N 1 0 1
3 N 2 0 1
4 N 3 0 1
5 N 4 0 1
6 N 5 0 1
7 N 6 0 1
8 N 7 0 1
9 N 8 0 1
10 N 9 0 1
11 N 10 0 1
12 N 11 0 1
13 N 12 0 1
14 N 13 0 1
15 N 14 0 1
16 N 15 0 1
17 N 16 0 1
18 N 17 0 1
19 N 18 0 1
20 N 19 0 1
21 N 20 0 1
22 N 21 0 1
23 N 22 0 1
24 N 23 0 1
25 N 24 0 1
26 N 25 0 1
27 N 26 0 1
28 N 27 0 1
29 N 28 0 1
30 N 29 0 1
31 N 30 0 1
32 N 31 0 1
33 N 32 0 1
34 N 33 0 1
35 N 34 0 1
36 N 35 0 1
37 N 36 0 1
38 N 37 0 1
39 N 38 0 1
40 N 39 0 1
41 N 40 0 1
42 N 41 0 1
43 N 42 0 1
44 N 43 0 1
45 N 44 0 1
46 N 45 0 1
47 N 46 0 1
48 N 47 0 1
49 N 48 0 1
50 N 49 0 1
51 N 50 0 1
52 N 51 0 1
53 N 52 0 1
54 N 53 0 1
55 N 54 0 1
56 N 55 0 1
57 N 56 0 1
58 N 57 0 1
59 N 58 0 1
60 N 59 0 1
61 N 60 0 1
62 N 61 0 1
63 N 62 0 1
64 N 63 0 1
65 N 64 0 1
66 N 65 0 1
67 N 66 0 1
68 N 67 0 1
69 N 68 0 1
70 N 69 0 1
71 N 70 0 1
72 N 71 0 1
73 N 72 0 1
74 N 73 0 1
75 N 74 0 1
76 N 75 0 1
77 N 76 0 1
78 N 77 0 1
79 N 78 0 1
80 N 79 0 1
81 N 80 0 1
82 N 81 0 1
83 N 82 0 1
84 N 83 0 1
85 N 84 0 1
86 N 85 0 1
87 N 86 0 1
88 N 87 0 1
89 N 88 0 1
90 N 89 0 1
91 N 90 0 1
92 N 91 0 1
93 N 92 0 1
94 N 93 0 1
95 N 94 0 1
96 N 95 0 1
97 N 96 0 1
98 N 97 0 1
99 N 2 2 1
100 L 99
101 N 23 102 1
102 N 4 1 0
103 L 1
104 N 9 1 8
105 N 9 1 106
106 N 7 2 1
107 L 105
108 L 106
109 L 105
110 L 106
111 N 97 4 1
112 N 97 113 1
113 N 22 4 1
114 L 99
115 L 99
116 N 9 99 117
117 N 7 118 99
118 P 2 99 2 8
119 P 1 2 2 8
120 P 2 99 99 8
121 P 7 117 99 8
122 P 2 2 99 8
123 P 1 2 2 8
124 N 9 3 123
125 P 97 112 4 8
126 P 22 113 4 8
127 P 3 4 4 8
Bdd_store 128
0 F
1 T
2 N 1 0 1
3 N 2 0 1
4 N 3 0 1
5 N 4 0 1
6 N 5 0 1
7 N 6 0 1
8 N 7 0 1
9 N 8 0 1
10 N 9 0 1
11 N 10 0 1
12 N 11 0 1
13 N 12 0 1
14 N 13 0 1
15 N 14 0 1
16 N 15 0 1
17 N 16 0 1
18 N 17 0 1
19 N 18 0 1
20 N 19 0 1
21 N 20 0 1
22 N 21 0 1
23 N 22 0 1
24 N 23 0 1
25 N 24 0 1
26 N 25 0 1
27 N 26 0 1
28 N 27 0 1
29 N 28 0 1
30 N 29 0 1
31 N 30 0 1
32 N 31 0 1
33 N 32 0 1
34 N 33 0 1
35 N 34 0 1
36 N 35 0 1
37 N 36 0 1
38 N 37 0 1
39 N 38 0 1
40 N 39 0 1
41 N 40 0 1
42 N 41 0 1
43 N 42 0 1
44 N 43 0 1
45 N 44 0 1
46 N 45 0 1
47 N 46 0 1
48 N 47 0 1
49 N 48 0 1
50 N 49 0 1
51 N 50 0 1
52 N 51 0 1
53 N 52 0 1
54 N 53 0 1
55 N 54 0 1
56 N 55 0 1
57 N 56 0 1
58 N 57 0 1
59 N 58 0 1
60 N 59 0 1
61 N 60 0 1
62 N 61 0 1
63 N 62 0 1
64 N 63 0 1
65 N 64 0 1
66 N 65 0 1
67 N 66 0 1
68 N 67 0 1
69 N 68 0 1
70 N 69 0 1
71 N 70 0 1
72 N 71 0 1
73 N 72 0 1
74 N 73 0 1
75 N 74 0 1
76 N 75 0 1
77 N 76 0 1
78 N 77 0 1
79 N 78 0 1
80 N 79 0 1
81 N 80 0 1
82 N 81 0 1
83 N 82 0 1
84 N 83 0 1
85 N 84 0 1
86 N 85 0 1
87 N 86 0 1
88 N 87 0 1
89 N 88 0 1
90 N 89 0 1
91 N 90 0 1
92 N 91 0 1
93 N 92 0 1
94 N 93 0 1
95 N 94 0 1
96 N 95 0 1
97 N 96 0 1
98 N 97 0 1
99 N 2 2 1
100 L 99
101 N 23 102 1
102 N 4 1 0
103 L 1
104 N 9 1 8
105 N 9 1 106
106 N 7 2 1
107 L 105
108 L 106
109 L 105
110 L 106
111 N 97 4 1
112 N 97 113 1
113 N 22 4 1
114 L 99
115 L 99
116 N 9 99 117
117 P 7 99 106 8
118 P 2 99 2 8
119 P 1 2 2 8
120 P 2 99 99 8
121 P 7 117 99 8
122 P 2 2 99 8
123 P 1 2 2 8
124 N 9 3 123
125 P 97 112 4 8
126 P 22 113 4 8
127 P 3 4 4 8
Bdd_store 128
0 F
1 T
2 N 1 0 1
3 N 2 0 1
4 N 3 0 1
5 N 4 0 1
6 N 5 0 1
7 N 6 0 1
8 N 7 0 1
9 N 8 0 1
10 N 9 0 1
11 N 10 0 1
12 N 11 0 1
13 N 12 0 1
14 N 13 0 1
15 N 14 0 1
16 N 15 0 1
17 N 16 0 1
18 N 17 0 1
19 N 18 0 1
20 N 19 0 1
21 N 20 0 1
22 N 21 0 1
23 N 22 0 1
24 N 23 0 1
25 N 24 0 1
26 N 25 0 1
27 N 26 0 1
28 N 27 0 1
29 N 28 0 1
30 N 29 0 1
31 N 30 0 1
32 N 31 0 1
33 N 32 0 1
34 N 33 0 1
35 N 34 0 1
36 N 35 0 1
37 N 36 0 1
38 N 37 0 1
39 N 38 0 1
40 N 39 0 1
41 N 40 0 1
42 N 41 0 1
43 N 42 0 1
44 N 43 0 1
45 N 44 0 1
46 N 45 0 1
47 N 46 0 1
48 N 47 0 1
49 N 48 0 1
50 N 49 0 1
51 N 50 0 1
52 N 51 0 1
53 N 52 0 1
54 N 53 0 1
55 N 54 0 1
56 N 55 0 1
57 N 56 0 1
58 N 57 0 1
59 N 58 0 1
60 N 59 0 1
61 N 60 0 1
62 N 61 0 1
63 N 62 0 1
64 N 63 0 1
65 N 64 0 1
66 N 65 0 1
67 N 66 0 1
68 N 67 0 1
69 N 68 0 1
70 N 69 0 1
71 N 70 0 1
72 N 71 0 1
73 N 72 0 1
74 N 73 0 1
75 N 74 0 1
76 N 75 0 1
77 N 76 0 1
78 N 77 0 1
79 N 78 0 1
80 N 79 0 1
81 N 80 0 1
82 N 81 0 1
83 N 82 0 1
84 N 83 0 1
85 N 84 0 1
86 N 85 0 1
87 N 86 0 1
88 N 87 0 1
89 N 88 0 1
90 N 89 0 1
91 N 90 0 1
92 N 91 0 1
93 N 92 0 1
94 N 93 0 1
95 N 94 0 1
96 N 95 0 1
97 N 96 0 1
98 N 97 0 1
99 N 2 2 1
100 L 99
101 N 23 102 1
102 N 4 1 0
103 L 1
104 N 9 1 8
105 N 9 1 106
106 N 7 2 1
107 L 105
108 L 106
109 L 105
110 L 106
111 N 97 4 1
112 N 97 113 1
113 N 22 4 1
114 L 99
115 L 99
116 P 9 99 105 8
117 P 7 99 106 8
118 P 2 99 2 8
119 P 1 2 2 8
120 P 2 99 99 8
121 P 7 117 99 8
122 P 2 2 99 8
123 P 1 2 2 8
124 N 9 3 123
125 P 97 112 4 8
126 P 22 113 4 8
127 P 3 4 4 8
Bdd_store 128
0 F
1 T
2 N 1 0 1
3 N 2 0 1
4 N 3 0 1
5 N 4 0 1
6 N 5 0 1
7 N 6 0 1
8 N 7 0 1
9 N 8 0 1
10 N 9 0 1
11 N 10 0 1
12 N 11 0 1
13 N 12 0 1
14 N 13 0 1
15 N 14 0 1
16 N 15 0 1
17 N 16 0 1
18 N 17 0 1
19 N 18 0 1
20 N 19 0 1
21 N 20 0 1
22 N 21 0 1
23 N 22 0 1
24 N 23 0 1
25 N 24 0 1
26 N 25 0 1
27 N 26 0 1
28 N 27 0 1
29 N 28 0 1
30 N 29 0 1
31 N 30 0 1
32 N 31 0 1
33 N 32 0 1
34 N 33 0 1
35 N 34 0 1
36 N 35 0 1
37 N 36 0 1
38 N 37 0 1
39 N 38 0 1
40 N 39 0 1
41 N 40 0 1
42 N 41 0 1
43 N 42 0 1
44 N 43 0 1
45 N 44 0 1
46 N 45 0 1
47 N 46 0 1
48 N 47 0 1
49 N 48 0 1
50 N 49 0 1
51 N 50 0 1
52 N 51 0 1
53 N 52 0 1
54 N 53 0 1
55 N 54 0 1
56 N 55 0 1
57 N 56 0 1
58 N 57 0 1
59 N 58 0 1
60 N 59 0 1
61 N 60 0 1
62 N 61 0 1
63 N 62 0 1
64 N 63 0 1
65 N 64 0 1
66 N 65 0 1
67 N 66 0 1
68 N 67 0 1
69 N 68 0 1
70 N 69 0 1
71 N 70 0 1
72 N 71 0 1
73 N 72 0 1
74 N 73 0 1
75 N 74 0 1
76 N 75 0 1
77 N 76 0 1
78 N 77 0 1
79 N 78 0 1
80 N 79 0 1
81 N 80 0 1
82 N 81 0 1
83 N 82 0 1
84 N 83 0 1
85 N 84 0 1
86 N 85 0 1
87 N 86 0 1
88 N 87 0 1
89 N 88 0 1
90 N 89 0 1
91 N 90 0 1
92 N 91 0 1
93 N 92 0 1
94 N 93 0 1
95 N 94 0 1
96 N 95 0 1
97 N 96 0 1
98 N 97 0 1
99 N 2 2 1
100 L 99
101 N 23 102 1
102 N 4 1 0
103 L 1
104 N 9 1 8
105 N 9 1 106
106 N 7 2 1
107 L 105
108 L 106
109 L 105
110 L 106
111 N 97 4 1
112 N 97 113 1
113 N 22 4 1
114 L 99
115 L 99
116 L 2
117 P 7 99 106 8
118 P 2 99 2 8
119 P 1 2 2 8
120 P 2 99 99 8
121 P 7 117 99 8
122 P 2 2 99 8
123 P 1 2 2 8
124 N 9 3 123
125 P 97 112 4 8
126 P 22 113 4 8
127 P 3 4 4 8
Bdd_store 128
0 F
1 T
2 N 1 0 1
3 N 2 0 1
4 N 3 0 1
5 N 4 0 1
6 N 5 0 1
7 N 6 0 1
8 N 7 0 1
9 N 8 0 1
10 N 9 0 1
11 N 10 0 1
12 N 11 0 1
13 N 12 0 1
14 N 13 0 1
15 N 14 0 1
16 N 15 0 1
17 N 16 0 1
18 N 17 0 1
19 N 18 0 1
20 N 19 0 1
21 N 20 0 1
22 N 21 0 1
23 N 22 0 1
24 N 23 0 1
25 N 24 0 1
26 N 25 0 1
27 N 26 0 1
28 N 27 0 1
29 N 28 0 1
30 N 29 0 1
31 N 30 0 1
32 N 31 0 1
33 N 32 0 1
34 N 33 0 1
35 N 34 0 1
36 N 35 0 1
37 N 36 0 1
38 N 37 0 1
39 N 38 0 1
40 N 39 0 1
41 N 40 0 1
42 N 41 0 1
43 N 42 0 1
44 N 43 0 1
45 N 44 0 1
46 N 45 0 1
47 N 46 0 1
48 N 47 0 1
49 N 48 0 1
50 N 49 0 1
51 N 50 0 1
52 N 51 0 1
53 N 52 0 1
54 N 53 0 1
55 N 54 0 1
56 N 55 0 1
57 N 56 0 1
58 N 57 0 1
59 N 58 0 1
60 N 59 0 1
61 N 60 0 1
62 N 61 0 1
63 N 62 0 1
64 N 63 0 1
65 N 64 0 1
66 N 65 0 1
67 N 66 0 1
68 N 67 0 1
69 N 68 0 1
70 N 69 0 1
71 N 70 0 1
72 N 71 0 1
73 N 72 0 1
74 N 73 0 1
75 N 74 0 1
76 N 75 0 1
77 N 76 0 1
78 N 77 0 1
79 N 78 0 1
80 N 79 0 1
81 N 80 0 1
82 N 81 0 1
83 N 82 0 1
84 N 83 0 1
85 N 84 0 1
86 N 85 0 1
87 N 86 0 1
88 N 87 0 1
89 N 88 0 1
90 N 89 0 1
91 N 90 0 1
92 N 91 0 1
93 N 92 0 1
94 N 93 0 1
95 N 94 0 1
96 N 95 0 1
97 N 96 0 1
98 N 97 0 1
99 N 2 2 1
100 L 99
101 N 23 102 1
102 N 4 1 0
103 L 1
104 N 9 1 8
105 N 9 1 106
106 N 7 2 1
107 L 105
108 L 106
109 L 105
110 L 106
111 N 97 4 1
112 N 97 113 1
113 N 22 4 1
114 L 99
115 N 2 116 1
116 P 1 2 0 14
117 P 7 99 106 8
118 P 2 99 2 8
119 P 1 2 2 8
120 P 2 99 99 8
121 P 7 117 99 8
122 P 2 2 99 8
123 P 1 2 2 8
124 N 9 3 123
125 P 97 112 4 8
126 P 22 113 4 8
127 P 3 4 4 8
Bdd_store 128
0 F
1 T
2 N 1 0 1
3 N 2 0 1
4 N 3 0 1
5 N 4 0 1
6 N 5 0 1
7 N 6 0 1
8 N 7 0 1
9 N 8 0 1
10 N 9 0 1
11 N 10 0 1
12 N 11 0 1
13 N 12 0 1
14 N 13 0 1
15 N 14 0 1
16 N 15 0 1
17 N 16 0 1
18 N 17 0 1
19 N 18 0 1
20 N 19 0 1
21 N 20 0 1
22 N 21 0 1
23 N 22 0 1
24 N 23 0 1
25 N 24 0 1
26 N 25 0 1
27 N 26 0 1
28 N 27 0 1
29 N 28 0 1
30 N 29 0 1
31 N 30 0 1
32 N 31 0 1
33 N 32 0 1
34 N 33 0 1
35 N 34 0 1
36 N 35 0 1
37 N 36 0 1
38 N 37 0 1
39 N 38 0 1
40 N 39 0 1
41 N 40 0 1
42 N 41 0 1
43 N 42 0 1
44 N 43 0 1
45 N 44 0 1
46 N 45 0 1
47 N 46 0 1
48 N 47 0 1
49 N 48 0 1
50 N 49 0 1
51 N 50 0 1
52 N 51 0 1
53 N 52 0 1
54 N 53 0 1
55 N 54 0 1
56 N 55 0 1
57 N 56 0 1
58 N 57 0 1
59 N 58 0 1
60 N 59 0 1
61 N 60 0 1
62 N 61 0 1
63 N 62 0 1
64 N 63 0 1
65 N 64 0 1
66 N 65 0 1
67 N 66 0 1
68 N 67 0 1
69 N 68 0 1
70 N 69 0 1
71 N 70 0 1
72 N 71 0 1
73 N 72 0 1
74 N 73 0 1
75 N 74 0 1
76 N 75 0 1
77 N 76 0 1
78 N 77 0 1
79 N 78 0 1
80 N 79 0 1
81 N 80 0 1
82 N 81 0 1
83 N 82 0 1
84 N 83 0 1
85 N 84 0 1
86 N 85 0 1
87 N 86 0 1
88 N 87 0 1
89 N 88 0 1
90 N 89 0 1
91 N 90 0 1
92 N 91 0 1
93 N 92 0 1
94 N 93 0 1
95 N 94 0 1
96 N 95 0 1
97 N 96 0 1
98 N 97 0 1
99 N 2 2 1
100 L 99
101 N 23 102 1
102 N 4 1 0
103 L 1
104 N 9 1 8
105 N 9 1 106
106 N 7 2 1
107 L 105
108 L 106
109 L 105
110 L 106
111 N 97 4 1
112 N 97 113 1
113 N 22 4 1
114 L 99
115 P 2 99 3 14
116 P 1 2 0 14
117 P 7 99 106 8
118 P 2 99 2 8
119 P 1 2 2 8
120 P 2 99 99 8
121 P 7 117 99 8
122 P 2 2 99 8
123 P 1 2 2 8
124 N 9 3 123
125 P 97 112 4 8
126 P 22 113 4 8
127 P 3 4 4 8
Bdd_store 128
0 F
1 T
2 N 1 0 1
3 N 2 0 1
4 N 3 0 1
5 N 4 0 1
6 N 5 0 1
7 N 6 0 1
8 N 7 0 1
9 N 8 0 1
10 N 9 0 1
11 N 10 0 1
12 N 11 0 1
13 N 12 0 1
14 N 13 0 1
15 N 14 0 1
16 N 15 0 1
17 N 16 0 1
18 N 17 0 1
19 N 18 0 1
20 N 19 0 1
21 N 20 0 1
22 N 21 0 1
23 N 22 0 1
24 N 23 0 1
25 N 24 0 1
26 N 25 0 1
27 N 26 0 1
28 N 27 0 1
29 N 28 0 1
30 N 29 0 1
31 N 30 0 1
32 N 31 0 1
33 N 32 0 1
34 N 33 0 1
35 N 34 0 1
36 N 35 0 1
37 N 36 0 1
38 N 37 0 1
39 N 38 0 1
40 N 39 0 1
41 N 40 0 1
42 N 41 0 1
43 N 42 0 1
44 N 43 0 1
45 N 44 0 1
46 N 45 0 1
47 N 46 0 1
48 N 47 0 1
49 N 48 0 1
50 N 49 0 1
51 N 50 0 1
52 N 51 0 1
53 N 52 0 1
54 N 53 0 1
55 N 54 0 1
56 N 55 0 1
57 N 56 0 1
58 N 57 0 1
59 N 58 0 1
60 N 59 0 1
61 N 60 0 1
62 N 61 0 1
63 N 62 0 1
64 N 63 0 1
65 N 64 0 1
66 N 65 0 1
67 N 66 0 1
68 N 67 0 1
69 N 68 0 1
70 N 69 0 1
71 N 70 0 1
72 N 71 0 1
73 N 72 0 1
74 N 73 0 1
75 N 74 0 1
76 N 75 0 1
77 N 76 0 1
78 N 77 0 1
79 N 78 0 1
80 N 79 0 1
81 N 80 0 1
82 N 81 0 1
83 N 82 0 1
84 N 83 0 1
85 N 84 0 1
86 N 85 0 1
87 N 86 0 1
88 N 87 0 1
89 N 88 0 1
90 N 89 0 1
91 N 90 0 1
92 N 91 0 1
93 N 92 0 1
94 N 93 0 1
95 N 94 0 1
96 N 95 0 1
97 N 96 0 1
98 N 97 0 1
99 N 2 2 1
100 L 99
101 N 23 102 1
102 N 4 1 0
103 L 1
104 N 9 1 8
105 N 9 1 106
106 N 7 2 1
107 L 105
108 L 106
109 L 105
110 L 106
111 N 97 4 1
112 N 97 113 1
113 N 22 4 1
114 L 99
115 L 2
116 P 1 2 0 14
117 P 7 99 106 8
118 P 2 99 2 8
119 P 1 2 2 8
120 P 2 99 99 8
121 P 7 117 99 8
122 P 2 2 99 8
123 P 1 2 2 8
124 N 9 3 123
125 P 97 112 4 8
126 P 22 113 4 8
127 P 3 4 4 8
Bdd_store 128
0 F
1 T
2 N 1 0 1
3 N 2 0 1
4 N 3 0 1
5 N 4 0 1
6 N 5 0 1
7 N 6 0 1
8 N 7 0 1
9 N 8 0 1
10 N 9 0 1
11 N 10 0 1
12 N 11 0 1
13 N 12 0 1
14 N 13 0 1
15 N 14 0 1
16 N 15 0 1
17 N 16 0 1
18 N 17 0 1
19 N 18 0 1
20 N 19 0 1
21 N 20 0 1
22 N 21 0 1
23 N 22 0 1
24 N 23 0 1
25 N 24 0 1
26 N 25 0 1
27 N 26 0 1
28 N 27 0 1
29 N 28 0 1
30 N 29 0 1
31 N 30 0 1
32 N 31 0 1
33 N 32 0 1
34 N 33 0 1
35 N 34 0 1
36 N 35 0 1
37 N 36 0 1
38 N 37 0 1
39 N 38 0 1
40 N 39 0 1
41 N 40 0 1
42 N 41 0 1
43 N 42 0 1
44 N 43 0 1
45 N 44 0 1
46 N 45 0 1
47 N 46 0 1
48 N 47 0 1
49 N 48 0 1
50 N 49 0 1
51 N 50 0 1
52 N 51 0 1
53 N 52 0 1
54 N 53 0 1
55 N 54 0 1
56 N 55 0 1
57 N 56 0 1
58 N 57 0 1
59 N 58 0 1
60 N 59 0 1
61 N 60 0 1
62 N 61 0 1
63 N 62 0 1
64 N 63 0 1
65 N 64 0 1
66 N 65 0 1
67 N 66 0 1
68 N 67 0 1
69 N 68 0 1
70 N 69 0 1
71 N 70 0 1
72 N 71 0 1
73 N 72 0 1
74 N 73 0 1
75 N 74 0 1
76 N 75 0 1
77 N 76 0 1
78 N 77 0 1
79 N 78 0 1
80 N 79 0 1
81 N 80 0 1
82 N 81 0 1
83 N 82 0 1
84 N 83 0 1
85 N 84 0 1
86 N 85 0 1
87 N 86 0 1
88 N 87 0 1
89 N 88 0 1
90 N 89 0 1
91 N 90 0 1
92 N 91 0 1
93 N 92 0 1
94 N 93 0 1
95 N 94 0 1
96 N 95 0 1
97 N 96 0 1
98 N 97 0 1
99 N 2 2 1
100 L 99
101 N 23 102 1
102 N 4 1 0
103 L 1
104 N 9 1 8
105 N 9 1 106
106 N 7 2 1
107 L 105
108 L 106
109 L 105
110 L 106
111 N 97 4 1
112 N 97 113 1
113 N 22 4 1
114 N 2 115 1
115 P 1 2 0 14
116 P 1 2 0 14
117 P 7 99 106 8
118 P 2 99 2 8
119 P 1 2 2 8
120 P 2 99 99 8
121 P 7 117 99 8
122 P 2 2 99 8
123 P 1 2 2 8
124 N 9 3 123
125 P 97 112 4 8
126 P 22 113 4 8
127 P 3 4 4 8
Bdd_store 128
0 F
1 T
2 N 1 0 1
3 N 2 0 1
4 N 3 0 1
5 N 4 0 1
6 N 5 0 1
7 N 6 0 1
8 N 7 0 1
9 N 8 0 1
10 N 9 0 1
11 N 10 0 1
12 N 11 0 1
13 N 12 0 1
14 N 13 0 1
15 N 14 0 1
16 N 15 0 1
17 N 16 0 1
18 N 17 0 1
19 N 18 0 1
20 N 19 0 1
21 N 20 0 1
22 N 21 0 1
23 N 22 0 1
24 N 23 0 1
25 N 24 0 1
26 N 25 0 1
27 N 26 0 1
28 N 27 0 1
29 N 28 0 1
30 N 29 0 1
31 N 30 0 1
32 N 31 0 1
33 N 32 0 1
34 N 33 0 1
35 N 34 0 1
36 N 35 0 1
37 N 36 0 1
38 N 37 0 1
39 N 38 0 1
40 N 39 0 1
41 N 40 0 1
42 N 41 0 1
43 N 42 0 1
44 N 43 0 1
45 N 44 0 1
46 N 45 0 1
47 N 46 0 1
48 N 47 0 1
49 N 48 0 1
50 N 49 0 1
51 N 50 0 1
52 N 51 0 1
53 N 52 0 1
54 N 53 0 1
55 N 54 0 1
56 N 55 0 1
57 N 56 0 1
58 N 57 0 1
59 N 58 0 1
60 N 59 0 1
61 N 60 0 1
62 N 61 0 1
63 N 62 0 1
64 N 63 0 1
65 N 64 0 1
66 N 65 0 1
67 N 66 0 1
68 N 67 0 1
69 N 68 0 1
70 N 69 0 1
71 N 70 0 1
72 N 71 0 1
73 N 72 0 1
74 N 73 0 1
75 N 74 0 1
76 N 75 0 1
77 N 76 0 1
78 N 77 0 1
79 N 78 0 1
80 N 79 0 1
81 N 80 0 1
82 N 81 0 1
83 N 82 0 1
84 N 83 0 1
85 N 84 0 1
86 N 85 0 1
87 N 86 0 1
88 N 87 0 1
89 N 88 0 1
90 N 89 0 1
91 N 90 0 1
92 N 91 0 1
93 N 92 0 1
94 N 93 0 1
95 N 94 0 1
96 N 95 0 1
97 N 96 0 1
98 N 97 0 1
99 N 2 2 1
100 L 99
101 N 23 102 1
102 N 4 1 0
103 L 1
104 N 9 1 8
105 N 9 1 106
106 N 7 2 1
107 L 105
108 L 106
109 L 105
110 L 106
111 N 97 4 1
112 N 97 113 1
113 N 22 4 1
114 P 2 2 3 14
115 P 1 2 0 14
116 P 1 2 0 14
117 P 7 99 106 8
118 P 2 99 2 8
119 P 1 2 2 8
120 P 2 99 99 8
121 P 7 117 99 8
122 P 2 2 99 8
123 P 1 2 2 8
124 N 9 3 123
125 P 97 112 4 8
126 P 22 113 4 8
127 P 3 4 4 8
Bdd_store 128
0 F
1 T
2 N 1 0 1
3 N 2 0 1
4 N 3 0 1
5 N 4 0 1
6 N 5 0 1
7 N 6 0 1
8 N 7 0 1
9 N 8 0 1
10 N 9 0 1
11 N 10 0 1
12 N 11 0 1
13 N 12 0 1
14 N 13 0 1
15 N 14 0 1
16 N 15 0 1
17 N 16 0 1
18 N 17 0 1
19 N 18 0 1
20 N 19 0 1
21 N 20 0 1
22 N 21 0 1
23 N 22 0 1
24 N 23 0 1
25 N 24 0 1
26 N 25 0 1
27 N 26 0 1
28 N 27 0 1
29 N 28 0 1
30 N 29 0 1
31 N 30 0 1
32 N 31 0 1
33 N 32 0 1
34 N 33 0 1
35 N 34 0 1
36 N 35 0 1
37 N 36 0 1
38 N 37 0 1
39 N 38 0 1
40 N 39 0 1
41 N 40 0 1
42 N 41 0 1
43 N 42 0 1
44 N 43 0 1
45 N 44 0 1
46 N 45 0 1
47 N 46 0 1
48 N 47 0 1
49 N 48 0 1
50 N 49 0 1
51 N 50 0 1
52 N 51 0 1
53 N 52 0 1
54 N 53 0 1
55 N 54 0 1
56 N 55 0 1
57 N 56 0 1
58 N 57 0 1
59 N 58 0 1
60 N 59 0 1
61 N 60 0 1
62 N 61 0 1
63 N 62 0 1
64 N 63 0 1
65 N 64 0 1
66 N 65 0 1
67 N 66 0 1
68 N 67 0 1
69 N 68 0 1
70 N 69 0 1
71 N 70 0 1
72 N 71 0 1
73 N 72 0 1
74 N 73 0 1
75 N 74 0 1
76 N 75 0 1
77 N 76 0 1
78 N 77 0 1
79 N 78 0 1
80 N 79 0 1
81 N 80 0 1
82 N 81 0 1
83 N 82 0 1
84 N 83 0 1
85 N 84 0 1
86 N 85 0 1
87 N 86 0 1
88 N 87 0 1
89 N 88 0 1
90 N 89 0 1
91 N 90 0 1
92 N 91 0 1
93 N 92 0 1
94 N 93 0 1
95 N 94 0 1
96 N 95 0 1
97 N 96 0 1
98 N 97 0 1
99 N 2 2 1
100 L 99
101 N 23 102 1
102 N 4 1 0
103 L 1
104 N 9 1 8
105 N 9 1 106
106 N 7 2 1
107 L 105
108 L 106
109 L 105
110 L 106
111 N 97 4 1
112 N 97 113 1
113 N 22 4 1
114 L 4
115 P 1 2 0 14
116 P 1 2 0 14
117 P 7 99 106 8
118 P 2 99 2 8
119 P 1 2 2 8
120 P 2 99 99 8
121 P 7 117 99 8
122 P 2 2 99 8
123 P 1 2 2 8
124 N 9 3 123
125 P 97 112 4 8
126 P 22 113 4 8
127 P 3 4 4 8
Bdd_store 128
0 F
1 T
2 N 1 0 1
3 N 2 0 1
4 N 3 0 1
5 N 4 0 1
6 N 5 0 1
7 N 6 0 1
8 N 7 0 1
9 N 8 0 1
10 N 9 0 1
11 N 10 0 1
12 N 11 0 1
13 N 12 0 1
14 N 13 0 1
15 N 14 0 1
16 N 15 0 1
17 N 16 0 1
18 N 17 0 1
19 N 18 0 1
20 N 19 0 1
21 N 20 0 1
22 N 21 0 1
23 N 22 0 1
24 N 23 0 1
25 N 24 0 1
26 N 25 0 1
27 N 26 0 1
28 N 27 0 1
29 N 28 0 1
30 N 29 0 1
31 N 30 0 1
32 N 31 0 1
33 N 32 0 1
34 N 33 0 1
35 N 34 0 1
36 N 35 0 1
37 N 36 0 1
38 N 37 0 1
39 N 38 0 1
40 N 39 0 1
41 N 40 0 1
42 N 41 0 1
43 N 42 0 1
44 N 43 0 1
45 N 44 0 1
46 N 45 0 1
47 N 46 0 1
48 N 47 0 1
49 N 48 0 1
50 N 49 0 1
51 N 50 0 1
52 N 51 0 1
53 N 52 0 1
54 N 53 0 1
55 N 54 0 1
56 N 55 0 1
57 N 56 0 1
58 N 57 0 1
59 N 58 0 1
60 N 59 0 1
61 N 60 0 1
62 N 61 0 1
63 N 62 0 1
64 N 63 0 1
65 N 64 0 1
66 N 65 0 1
67 N 66 0 1
68 N 67 0 1
69 N 68 0 1
70 N 69 0 1
71 N 70 0 1
72 N 71 0 1
73 N 72 0 1
74 N 73 0 1
75 N 74 0 1
76 N 75 0 1
77 N 76 0 1
78 N 77 0 1
79 N 78 0 1
80 N 79 0 1
81 N 80 0 1
82 N 81 0 1
83 N 82 0 1
84 N 83 0 1
85 N 84 0 1
86 N 85 0 1
87 N 86 0 1
88 N 87 0 1
89 N 88 0 1
90 N 89 0 1
91 N 90 0 1
92 N 91 0 1
93 N 92 0 1
94 N 93 0 1
95 N 94 0 1
96 N 95 0 1
97 N 96 0 1
98 N 97 0 1
99 N 2 2 1
100 L 99
101 N 23 102 1
102 N 4 1 0
103 L 1
104 N 9 1 8
105 N 9 1 106
106 N 7 2 1
107 L 105
108 L 106
109 L 105
110 L 106
111 N 97 4 1
112 N 97 113 1
113 N 22 114 1
114 P 3 4 0 14
115 P 1 2 0 14
116 P 1 2 0 14
117 P 7 99 106 8
118 P 2 99 2 8
119 P 1 2 2 8
120 P 2 99 99 8
121 P 7 117 99 8
122 P 2 2 99 8
123 P 1 2 2 8
124 N 9 3 123
125 P 97 112 4 8
126 P 22 113 4 8
127 P 3 4 4 8
Bdd_store 128
0 F
1 T
2 N 1 0 1
3 N 2 0 1
4 N 3 0 1
5 N 4 0 1
6 N 5 0 1
7 N 6 0 1
8 N 7 0 1
9 N 8 0 1
10 N 9 0 1
11 N 10 0 1
12 N 11 0 1
13 N 12 0 1
14 N 13 0 1
15 N 14 0 1
16 N 15 0 1
17 N 16 0 1
18 N 17 0 1
19 N 18 0 1
20 N 19 0 1
21 N 20 0 1
22 N 21 0 1
23 N 22 0 1
24 N 23 0 1
25 N 24 0 1
26 N 25 0 1
27 N 26 0 1
28 N 27 0 1
29 N 28 0 1
30 N 29 0 1
31 N 30 0 1
32 N 31 0 1
33 N 32 0 1
34 N 33 0 1
35 N 34 0 1
36 N 35 0 1
37 N 36 0 1
38 N 37 0 1
39 N 38 0 1
40 N 39 0 1
41 N 40 0 1
42 N 41 0 1
43 N 42 0 1
44 N 43 0 1
45 N 44 0 1
46 N 45 0 1
47 N 46 0 1
48 N 47 0 1
49 N 48 0 1
50 N 49 0 1
51 N 50 0 1
52 N 51 0 1
53 N 52 0 1
54 N 53 0 1
55 N 54 0 1
56 N 55 0 1
57 N 56 0 1
58 N 57 0 1
59 N 58 0 1
60 N 59 0 1
61 N 60 0 1
62 N 61 0 1
63 N 62 0 1
64 N 63 0 1
65 N 64 0 1
66 N 65 0 1
67 N 66 0 1
68 N 67 0 1
69 N 68 0 1
70 N 69 0 1
71 N 70 0 1
72 N 71 0 1
73 N 72 0 1
74 N 73 0 1
75 N 74 0 1
76 N 75 0 1
77 N 76 0 1
78 N 77 0 1
79 N 78 0 1
80 N 79 0 1
81 N 80 0 1
82 N 81 0 1
83 N 82 0 1
84 N 83 0 1
85 N 84 0 1
86 N 85 0 1
87 N 86 0 1
88 N 87 0 1
89 N 88 0 1
90 N 89 0 1
91 N 90 0 1
92 N 91 0 1
93 N 92 0 1
94 N 93 0 1
95 N 94 0 1
96 N 95 0 1
97 N 96 0 1
98 N 97 0 1
99 N 2 2 1
100 L 99
101 N 23 102 1
102 N 4 1 0
103 L 1
104 N 9 1 8
105 N 9 1 106
106 N 7 2 1
107 L 105
108 L 106
109 L 105
110 L 106
111 N 97 4 1
112 N 97 113 1
113 P 22 4 23 14
114 P 3 4 0 14
115 P 1 2 0 14
116 P 1 2 0 14
117 P 7 99 106 8
118 P 2 99 2 8
119 P 1 2 2 8
120 P 2 99 99 8
121 P 7 117 99 8
122 P 2 2 99 8
123 P 1 2 2 8
124 N 9 3 123
125 P 97 112 4 8
126 P 22 113 4 8
127 P 3 4 4 8
Bdd_store 128
0 F
1 T
2 N 1 0 1
3 N 2 0 1
4 N 3 0 1
5 N 4 0 1
6 N 5 0 1
7 N 6 0 1
8 N 7 0 1
9 N 8 0 1
10 N 9 0 1
11 N 10 0 1
12 N 11 0 1
13 N 12 0 1
14 N 13 0 1
15 N 14 0 1
16 N 15 0 1
17 N 16 0 1
18 N 17 0 1
19 N 18 0 1
20 N 19 0 1
21 N 20 0 1
22 N 21 0 1
23 N 22 0 1
24 N 23 0 1
25 N 24 0 1
26 N 25 0 1
27 N 26 0 1
28 N 27 0 1
29 N 28 0 1
30 N 29 0 1
31 N 30 0 1
32 N 31 0 1
33 N 32 0 1
34 N 33 0 1
35 N 34 0 1
36 N 35 0 1
37 N 36 0 1
38 N 37 0 1
39 N 38 0 1
40 N 39 0 1
41 N 40 0 1
42 N 41 0 1
43 N 42 0 1
44 N 43 0 1
45 N 44 0 1
46 N 45 0 1
47 N 46 0 1
48 N 47 0 1
49 N 48 0 1
50 N 49 0 1
51 N 50 0 1
52 N 51 0 1
53 N 52 0 1
54 N 53 0 1
55 N 54 0 1
56 N 55 0 1
57 N 56 0 1
58 N 57 0 1
59 N 58 0 1
60 N 59 0 1
61 N 60 0 1
62 N 61 0 1
63 N 62 0 1
64 N 63 0 1
65 N 64 0 1
66 N 65 0 1
67 N 66 0 1
68 N 67 0 1
69 N 68 0 1
70 N 69 0 1
71 N 70 0 1
72 N 71 0 1
73 N 72 0 1
74 N 73 0 1
75 N 74 0 1
76 N 75 0 1
77 N 76 0 1
78 N 77 0 1
79 N 78 0 1
80 N 79 0 1
81 N 80 0 1
82 N 81 0 1
83 N 82 0 1
84 N 83 0 1
85 N 84 0 1
86 N 85 0 1
87 N 86 0 1
88 N 87 0 1
89 N 88 0 1
90 N 89 0 1
91 N 90 0 1
92 N 91 0 1
93 N 92 0 1
94 N 93 0 1
95 N 94 0 1
96 N 95 0 1
97 N 96 0 1
98 N 97 0 1
99 N 2 2 1
100 L 99
101 N 23 102 1
102 N 4 1 0
103 L 1
104 N 9 1 8
105 N 9 1 106
106 N 7 2 1
107 L 105
108 L 106
109 L 105
110 L 106
111 N 97 4 1
112 P 97 111 23 14
113 P 22 4 23 14
114 P 3 4 0 14
115 P 1 2 0 14
116 P 1 2 0 14
117 P 7 99 106 8
118 P 2 99 2 8
119 P 1 2 2 8
120 P 2 99 99 8
121 P 7 117 99 8
122 P 2 2 99 8
123 P 1 2 2 8
124 N 9 3 123
125 P 97 112 4 8
126 P 22 113 4 8
127 P 3 4 4 8
Bdd_store 128
0 F
1 T
2 N 1 0 1
3 N 2 0 1
4 N 3 0 1
5 N 4 0 1
6 N 5 0 1
7 N 6 0 1
8 N 7 0 1
9 N 8 0 1
10 N 9 0 1
11 N 10 0 1
12 N 11 0 1
13 N 12 0 1
14 N 13 0 1
15 N 14 0 1
16 N 15 0 1
17 N 16 0 1
18 N 17 0 1
19 N 18 0 1
20 N 19 0 1
21 N 20 0 1
22 N 21 0 1
23 N 22 0 1
24 N 23 0 1
25 N 24 0 1
26 N 25 0 1
27 N 26 0 1
28 N 27 0 1
29 N 28 0 1
30 N 29 0 1
31 N 30 0 1
32 N 31 0 1
33 N 32 0 1
34 N 33 0 1
35 N 34 0 1
36 N 35 0 1
37 N 36 0 1
38 N 37 0 1
39 N 38 0 1
40 N 39 0 1
41 N 40 0 1
42 N 41 0 1
43 N 42 0 1
44 N 43 0 1
45 N 44 0 1
46 N 45 0 1
47 N 46 0 1
48 N 47 0 1
49 N 48 0 1
50 N 49 0 1
51 N 50 0 1
52 N 51 0 1
53 N 52 0 1
54 N 53 0 1
55 N 54 0 1
56 N 55 0 1
57 N 56 0 1
58 N 57 0 1
59 N 58 0 1
60 N 59 0 1
61 N 60 0 1
62 N 61 0 1
63 N 62 0 1
64 N 63 0 1
65 N 64 0 1
66 N 65 0 1
67 N 66 0 1
68 N 67 0 1
69 N 68 0 1
70 N 69 0 1
71 N 70 0 1
72 N 71 0 1
73 N 72 0 1
74 N 73 0 1
75 N 74 0 1
76 N 75 0 1
77 N 76 0 1
78 N 77 0 1
79 N 78 0 1
80 N 79 0 1
81 N 80 0 1
82 N 81 0 1
83 N 82 0 1
84 N 83 0 1
85 N 84 0 1
86 N 85 0 1
87 N 86 0 1
88 N 87 0 1
89 N 88 0 1
90 N 89 0 1
91 N 90 0 1
92 N 91 0 1
93 N 92 0 1
94 N 93 0 1
95 N 94 0 1
96 N 95 0 1
97 N 96 0 1
98 N 97 0 1
99 N 2 2 1
100 L 99
101 N 23 102 1
102 N 4 1 0
103 L 1
104 N 9 1 8
105 N 9 1 106
106 N 7 2 1
107 L 105
108 L 106
109 L 105
110 L 106
111 N 97 4 1
112 P 97 111 23 14
113 P 22 4 23 14
114 P 3 4 0 14
115 P 1 2 0 14
116 P 1 2 0 14
117 P 7 99 106 8
118 P 2 99 2 8
119 P 1 2 2 8
120 P 2 99 99 8
121 P 7 117 99 8
122 P 2 2 99 8
123 P 1 2 2 8
124 N 9 3 123
125 P 97 112 4 8
126 P 22 113 4 8
127 P 3 4 4 8
Bdd_store 128
0 F
1 T
2 N 1 0 1
3 N 2 0 1
4 N 3 0 1
5 N 4 0 1
6 N 5 0 1
7 N 6 0 1
8 N 7 0 1
9 N 8 0 1
10 N 9 0 1
11 N 10 0 1
12 N 11 0 1
13 N 12 0 1
14 N 13 0 1
15 N 14 0 1
16 N 15 0 1
17 N 16 0 1
18 N 17 0 1
19 N 18 0 1
20 N 19 0 1
21 N 20 0 1
22 N 21 0 1
23 N 22 0 1
24 N 23 0 1
25 N 24 0 1
26 N 25 0 1
27 N 26 0 1
28 N 27 0 1
29 N 28 0 1
30 N 29 0 1
31 N 30 0 1
32 N 31 0 1
33 N 32 0 1
34 N 33 0 1
35 N 34 0 1
36 N 35 0 1
37 N 36 0 1
38 N 37 0 1
39 N 38 0 1
40 N 39 0 1
41 N 40 0 1
42 N 41 0 1
43 N 42 0 1
44 N 43 0 1
45 N 44 0 1
46 N 45 0 1
47 N 46 0 1
48 N 47 0 1
49 N 48 0 1
50 N 49 0 1
51 N 50 0 1
52 N 51 0 1
53 N 52 0 1
54 N 53 0 1
55 N 54 0 1
56 N 55 0 1
57 N 56 0 1
58 N 57 0 1
59 N 58 0 1
60 N 59 0 1
61 N 60 0 1
62 N 61 0 1
63 N 62 0 1
64 N 63 0 1
65 N 64 0 1
66 N 65 0 1
67 N 66 0 1
68 N 67 0 1
69 N 68 0 1
70 N 69 0 1
71 N 70 0 1
72 N 71 0 1
73 N 72 0 1
74 N 73 0 1
75 N 74 0 1
76 N 75 0 1
77 N 76 0 1
78 N 77 0 1
79 N 78 0 1
80 N 79 0 1
81 N 80 0 1
82 N 81 0 1
83 N 82 0 1
84 N 83 0 1
85 N 84 0 1
86 N 85 0 1
87 N 86 0 1
88 N 87 0 1
89 N 88 0 1
90 N 89 0 1
91 N 90 0 1
92 N 91 0 1
93 N 92 0 1
94 N 93 0 1
95 N 94 0 1
96 N 95 0 1
97 N 96 0 1
98 N 97 0 1
99 N 2 2 1
100 L 99
101 N 23 102 1
102 N 4 1 0
103 L 1
104 N 9 1 8
105 N 9 1 106
106 N 7 2 1
107 L 105
108 L 106
109 L 105
110 L 106
111 N 97 4 1
112 P 97 111 23 14
113 P 22 4 23 14
114 P 3 4 0 14
115 P 1 2 0 14
116 P 1 2 0 14
117 P 7 99 106 8
118 P 2 99 2 8
119 P 1 2 2 8
120 P 2 99 99 8
121 P 7 117 99 8
122 P 2 2 99 8
123 P 1 2 2 8
124 N 9 3 123
125 P 97 112 4 8
126 P 22 113 4 8
127 P 3 4 4 8
Bdd_store 128
0 F
1 T
2 N 1 0 1
3 N 2 0 1
4 N 3 0 1
5 N 4 0 1
6 N 5 0 1
7 N 6 0 1
8 N 7 0 1
9 N 8 0 1
10 N 9 0 1
11 N 10 0 1
12 N 11 0 1
13 N 12 0 1
14 N 13 0 1
15 N 14 0 1
16 N 15 0 1
17 N 16 0 1
18 N 17 0 1
19 N 18 0 1
20 N 19 0 1
21 N 20 0 1
22 N 21 0 1
23 N 22 0 1
24 N 23 0 1
25 N 24 0 1
26 N 25 0 1
27 N 26 0 1
28 N 27 0 1
29 N 28 0 1
30 N 29 0 1
31 N 30 0 1
32 N 31 0 1
33 N 32 0 1
34 N 33 0 1
35 N 34 0 1
36 N 35 0 1
37 N 36 0 1
38 N 37 0 1
39 N 38 0 1
40 N 39 0 1
41 N 40 0 1
42 N 41 0 1
43 N 42 0 1
44 N 43 0 1
45 N 44 0 1
46 N 45 0 1
47 N 46 0 1
48 N 47 0 1
49 N 48 0 1
50 N 49 0 1
51 N 50 0 1
52 N 51 0 1
53 N 52 0 1
54 N 53 0 1
55 N 54 0 1
56 N 55 0 1
57 N 56 0 1
58 N 57 0 1
59 N 58 0 1
60 N 59 0 1
61 N 60 0 1
62 N 61 0 1
63 N 62 0 1
64 N 63 0 1
65 N 64 0 1
66 N 65 0 1
67 N 66 0 1
68 N 67 0 1
69 N 68 0 1
70 N 69 0 1
71 N 70 0 1
72 N 71 0 1
73 N 72 0 1
74 N 73 0 1
75 N 74 0 1
76 N 75 0 1
77 N 76 0 1
78 N 77 0 1
79 N 78 0 1
80 N 79 0 1
81 N 80 0 1
82 N 81 0 1
83 N 82 0 1
84 N 83 0 1
85 N 84 0 1
86 N 85 0 1
87 N 86 0 1
88 N 87 0 1
89 N 88 0 1
90 N 89 0 1
91 N 90 0 1
92 N 91 0 1
93 N 92 0 1
94 N 93 0 1
95 N 94 0 1
96 N 95 0 1
97 N 96 0 1
98 N 97 0 1
99 N 2 2 1
100 L 99
101 N 23 102 1
102 N 4 1 0
103 L 1
104 N 9 1 8
105 N 9 1 106
106 N 7 2 1
107 L 105
108 L 106
109 L 105
110 L 106
111 P 97 98 4 14
112 P 97 111 23 14
113 P 22 4 23 14
114 P 3 4 0 14
115 P 1 2 0 14
116 P 1 2 0 14
117 P 7 99 106 8
118 P 2 99 2 8
119 P 1 2 2 8
120 P 2 99 99 8
121 P 7 117 99 8
122 P 2 2 99 8
123 P 1 2 2 8
124 N 9 3 123
125 P 97 112 4 8
126 P 22 113 4 8
127 P 3 4 4 8
Bdd_store 128
0 F
1 T
2 N 1 0 1
3 N 2 0 1
4 N 3 0 1
5 N 4 0 1
6 N 5 0 1
7 N 6 0 1
8 N 7 0 1
9 N 8 0 1
10 N 9 0 1
11 N 10 0 1
12 N 11 0 1
13 N 12 0 1
14 N 13 0 1
15 N 14 0 1
16 N 15 0 1
17 N 16 0 1
18 N 17 0 1
19 N 18 0 1
20 N 19 0 1
21 N 20 0 1
22 N 21 0 1
23 N 22 0 1
24 N 23 0 1
25 N 24 0 1
26 N 25 0 1
27 N 26 0 1
28 N 27 0 1
29 N 28 0 1
30 N 29 0 1
31 N 30 0 1
32 N 31 0 1
33 N 32 0 1
34 N 33 0 1
35 N 34 0 1
36 N 35 0 1
37 N 36 0 1
38 N 37 0 1
39 N 38 0 1
40 N 39 0 1
41 N 40 0 1
42 N 41 0 1
43 N 42 0 1
44 N 43 0 1
45 N 44 0 1
46 N 45 0 1
47 N 46 0 1
48 N 47 0 1
49 N 48 0 1
50 N 49 0 1
51 N 50 0 1
52 N 51 0 1
53 N 52 0 1
54 N 53 0 1
55 N 54 0 1
56 N 55 0 1
57 N 56 0 1
58 N 57 0 1
59 N 58 0 1
60 N 59 0 1
61 N 60 0 1
62 N 61 0 1
63 N 62 0 1
64 N 63 0 1
65 N 64 0 1
66 N 65 0 1
67 N 66 0 1
68 N 67 0 1
69 N 68 0 1
70 N 69 0 1
71 N 70 0 1
72 N 71 0 1
73 N 72 0 1
74 N 73 0 1
75 N 74 0 1
76 N 75 0 1
77 N 76 0 1
78 N 77 0 1
79 N 78 0 1
80 N 79 0 1
81 N 80 0 1
82 N 81 0 1
83 N 82 0 1
84 N 83 0 1
85 N 84 0 1
86 N 85 0 1
87 N 86 0 1
88 N 87 0 1
89 N 88 0 1
90 N 89 0 1
91 N 90 0 1
92 N 91 0 1
93 N 92 0 1
94 N 93 0 1
95 N 94 0 1
96 N 95 0 1
97 N 96 0 1
98 N 97 0 1
99 N 2 2 1
100 L 99
101 N 23 102 1
102 N 4 1 0
103 L 1
104 N 9 1 8
105 N 9 1 106
106 N 7 2 1
107 L 105
108 L 106
109 N 9 1 110
110 N 7 111 1
111 P 1 2 0 14
112 P 97 111 23 14
113 P 22 4 23 14
114 P 3 4 0 14
115 P 1 2 0 14
116 P 1 2 0 14
117 P 7 99 106 8
118 P 2 99 2 8
119 P 1 2 2 8
120 P 2 99 99 8
121 P 7 117 99 8
122 P 2 2 99 8
123 P 1 2 2 8
124 N 9 3 123
125 P 97 112 4 8
126 P 22 113 4 8
127 P 3 4 4 8
