Bdd_store 12
0 F
1 T
2 N 1 0 1
3 N 2 0 1
4 N 3 0 1
5 N 4 0 1
6 N 4 3 1
7 L 1
8 N 4 9 1
9 N 2 1 0
10 L 8
11 L 9
Bdd_store 12
0 F
1 T
2 N 1 0 1
3 N 2 0 1
4 N 3 0 1
5 N 4 0 1
6 N 4 3 1
7 L 1
8 N 4 9 1
9 N 2 1 0
10 L 8
11 L 9
Bdd_store 12
0 F
1 T
2 N 1 0 1
3 N 2 0 1
4 N 3 0 1
5 N 4 0 1
6 N 4 3 1
7 L 1
8 N 4 9 1
9 N 2 1 0
10 L 8
11 L 9
Bdd_store 12
0 F
1 T
2 N 1 0 1
3 N 2 0 1
4 N 3 0 1
5 N 4 0 1
6 N 4 3 1
7 L 1
8 N 4 9 1
9 N 2 1 0
10 L 8
11 L 9
Bdd_store 12
0 F
1 T
2 N 1 0 1
3 N 2 0 1
4 N 3 0 1
5 N 4 0 1
6 N 4 3 1
7 L 1
8 N 4 9 1
9 N 2 1 0
10 L 8
11 L 9
Bdd_store 12
0 F
1 T
2 N 1 0 1
3 N 2 0 1
4 N 3 0 1
5 N 4 0 1
6 N 4 3 1
7 L 1
8 N 4 9 1
9 N 2 1 0
10 L 8
11 L 9
Bdd_store 12
0 F
1 T
2 N 1 0 1
3 N 2 0 1
4 N 3 0 1
5 N 4 0 1
6 N 4 3 1
7 L 1
8 N 4 9 1
9 N 2 1 0
10 L 8
11 L 9
Bdd_store 12
0 F
1 T
2 N 1 0 1
3 N 2 0 1
4 N 3 0 1
5 N 4 0 1
6 N 4 3 1
7 L 1
8 N 4 9 1
9 N 2 1 0
10 L 8
11 L 9
Bdd_store 12
0 F
1 T
2 N 1 0 1
3 N 2 0 1
4 N 3 0 1
5 N 4 0 1
6 N 4 3 1
7 L 1
8 N 4 9 1
9 N 2 1 0
10 L 8
11 L 9
Bdd_store 12
0 F
1 T
2 N 1 0 1
3 N 2 0 1
4 N 3 0 1
5 N 4 0 1
6 N 4 3 1
7 L 1
8 N 4 9 1
9 N 2 1 0
10 L 8
11 L 9
Bdd_store 12
0 F
1 T
2 N 1 0 1
3 N 2 0 1
4 N 3 0 1
5 N 4 0 1
6 N 4 3 1
7 L 1
8 N 4 9 1
9 N 2 1 0
10 L 8
11 L 9
Bdd_store 12
0 F
1 T
2 N 1 0 1
3 N 2 0 1
4 N 3 0 1
5 N 4 0 1
6 N 4 3 1
7 L 1
8 N 4 9 1
9 N 2 1 0
10 N 4 11 1
11 P 2 9 0 14
Bdd_store 12
0 F
1 T
2 N 1 0 1
3 N 2 0 1
4 N 3 0 1
5 N 4 0 1
6 N 4 3 1
7 L 1
8 N 4 9 1
9 N 2 1 0
10 P 4 8 5 14
11 P 2 9 0 14
Bdd_store 12
0 F
1 T
2 N 1 0 1
3 N 2 0 1
4 N 3 0 1
5 N 4 0 1
6 N 4 3 1
7 L 1
8 N 4 9 1
9 N 2 1 0
10 P 4 8 5 14
11 P 2 9 0 14
Bdd_store 12
0 F
1 T
2 N 1 0 1
3 N 2 0 1
4 N 3 0 1
5 N 4 0 1
6 N 4 3 1
7 L 1
8 N 4 9 1
9 P 2 0 3 11
10 P 4 8 5 14
11 P 2 9 0 14
Bdd_store 12
0 F
1 T
2 N 1 0 1
3 N 2 0 1
4 N 3 0 1
5 N 4 0 1
6 N 4 3 1
7 L 1
8 P 4 5 3 11
9 P 2 0 3 11
10 P 4 8 5 14
11 P 2 9 0 14
Bdd_store 12
0 F
1 T
2 N 1 0 1
3 N 2 0 1
4 N 3 0 1
5 N 4 0 1
6 N 4 3 1
7 L 1
8 L 1
9 P 2 0 3 11
10 P 4 8 5 14
11 P 2 9 0 14
Bdd_store 12
0 F
1 T
2 N 1 0 1
3 N 2 0 1
4 N 3 0 1
5 N 4 0 1
6 N 4 3 1
7 L 1
8 L 1
9 P 2 0 3 11
10 P 4 8 5 14
11 P 2 9 0 14
Bdd_store 12
0 F
1 T
2 N 1 0 1
3 N 2 0 1
4 N 3 0 1
5 N 4 0 1
6 N 4 3 1
7 L 1
8 L 1
9 P 2 0 3 11
10 P 4 8 5 14
11 P 2 9 0 14
Bdd_store 12
0 F
1 T
2 N 1 0 1
3 N 2 0 1
4 N 3 0 1
5 N 4 0 1
6 N 4 3 1
7 L 1
8 L 1
9 P 2 0 3 11
10 P 4 8 5 14
11 P 2 9 0 14
Bdd_store 12
0 F
1 T
2 N 1 0 1
3 N 2 0 1
4 N 3 0 1
5 N 4 0 1
6 N 4 3 1
7 L 1
8 L 1
9 P 2 0 3 11
10 P 4 8 5 14
11 P 2 9 0 14
Bdd_store 12
0 F
1 T
2 N 1 0 1
3 N 2 0 1
4 N 3 0 1
5 N 4 0 1
6 N 4 3 1
7 L 1
8 L 1
9 P 2 0 3 11
10 P 4 8 5 14
11 P 2 9 0 14
Bdd_store 12
0 F
1 T
2 N 1 0 1
3 N 2 0 1
4 N 3 0 1
5 N 4 0 1
6 N 4 3 1
7 L 1
8 L 1
9 P 2 0 3 11
10 P 4 8 5 14
11 P 2 9 0 14
Bdd_store 12
0 F
1 T
2 N 1 0 1
3 N 2 0 1
4 N 3 0 1
5 N 4 0 1
6 N 4 3 1
7 L 1
8 L 1
9 P 2 0 3 11
10 P 4 8 5 14
11 P 2 9 0 14
Bdd_store 12
0 F
1 T
2 N 1 0 1
3 N 2 0 1
4 N 3 0 1
5 N 4 0 1
6 N 4 3 1
7 L 1
8 L 1
9 P 2 0 3 11
10 P 4 8 5 14
11 P 2 9 0 14
Bdd_store 12
0 F
1 T
2 N 1 0 1
3 N 2 0 1
4 N 3 0 1
5 N 4 0 1
6 N 4 3 1
7 N 4 8 1
8 P 2 3 3 11
9 P 2 0 3 11
10 P 4 8 5 14
11 P 2 9 0 14
Bdd_store 12
0 F
1 T
2 N 1 0 1
3 N 2 0 1
4 N 3 0 1
5 N 4 0 1
6 N 4 3 1
7 P 4 6 3 11
8 P 2 3 3 11
9 P 2 0 3 11
10 P 4 8 5 14
11 P 2 9 0 14
Bdd_store 12
0 F
1 T
2 N 1 0 1
3 N 2 0 1
4 N 3 0 1
5 N 4 0 1
6 N 4 3 1
7 L 3
8 P 2 3 3 11
9 P 2 0 3 11
10 P 4 8 5 14
11 P 2 9 0 14
Bdd_store 12
0 F
1 T
2 N 1 0 1
3 N 2 0 1
4 N 3 0 1
5 N 4 0 1
6 N 4 7 1
7 P 2 3 0 14
8 P 2 3 3 11
9 P 2 0 3 11
10 P 4 8 5 14
11 P 2 9 0 14
Bdd_store 12
0 F
1 T
2 N 1 0 1
3 N 2 0 1
4 N 3 0 1
5 N 4 0 1
6 P 4 3 5 14
7 P 2 3 0 14
8 P 2 3 3 11
9 P 2 0 3 11
10 P 4 8 5 14
11 P 2 9 0 14
Bdd_store 12
0 F
1 T
2 N 1 0 1
3 N 2 0 1
4 N 3 0 1
5 N 4 0 1
6 P 4 3 5 14
7 P 2 3 0 14
8 P 2 3 3 11
9 P 2 0 3 11
10 P 4 8 5 14
11 P 2 9 0 14
Bdd_store 12
0 F
1 T
2 N 1 0 1
3 N 2 0 1
4 N 3 0 1
5 N 4 0 1
6 P 4 3 5 14
7 P 2 3 0 14
8 P 2 3 3 11
9 P 2 0 3 11
10 P 4 8 5 14
11 P 2 9 0 14
Bdd_store 12
0 F
1 T
2 N 1 0 1
3 N 2 0 1
4 N 3 0 1
5 N 4 0 1
6 P 4 3 5 14
7 P 2 3 0 14
8 P 2 3 3 11
9 P 2 0 3 11
10 P 4 8 5 14
11 P 2 9 0 14
Bdd_store 12
0 F
1 T
2 N 1 0 1
3 N 2 0 1
4 N 3 0 1
5 N 4 0 1
6 P 4 3 5 14
7 P 2 3 0 14
8 P 2 3 3 11
9 P 2 0 3 11
10 P 4 8 5 14
11 P 2 9 0 14
Bdd_store 12
0 F
1 T
2 N 1 0 1
3 N 2 0 1
4 N 3 0 1
5 N 4 0 1
6 P 4 3 5 14
7 P 2 3 0 14
8 P 2 3 3 11
9 P 2 0 3 11
10 P 4 8 5 14
11 P 2 9 0 14
Bdd_store 12
0 F
1 T
2 N 1 0 1
3 N 2 0 1
4 N 3 0 1
5 N 4 0 1
6 P 4 3 5 14
7 P 2 3 0 14
8 P 2 3 3 11
9 P 2 0 3 11
10 P 4 8 5 14
11 P 2 9 0 14
Bdd_store 12
0 F
1 T
2 N 1 0 1
3 N 2 0 1
4 N 3 0 1
5 N 4 0 1
6 P 4 3 5 14
7 P 2 3 0 14
8 P 2 3 3 11
9 P 2 0 3 11
10 P 4 8 5 14
11 P 2 9 0 14
Bdd_store 12
0 F
1 T
2 N 1 0 1
3 N 2 0 1
4 N 3 0 1
5 N 4 0 1
6 P 4 3 5 14
7 P 2 3 0 14
8 P 2 3 3 11
9 P 2 0 3 11
10 P 4 8 5 14
11 P 2 9 0 14
